1.2327139999999979 1.232714 
0.5095082 0.5095082 
0.7200697999999992 0.7200698 
0.6986971999999998 0.6986972 
0.8930032999999988 0.8930033 
0.7606107999999994 0.7606108 
0.7392377000000003 0.7392377 
0.9200302999999987 0.9200303 
1.1219740000000016 1.121974 
1.3543354999999977 1.3543355 
1.3543354999999977 1.3543355 
0.7662652000000003 0.7662652 
1.2867679999999986 1.286768 
1.3652170000000012 1.365217 
1.0957057999999988 1.0957058 
0.801151299999999 0.8011513 
0.8416917999999987 0.8416918 
1.3381900000000009 1.33819 
1.2976495000000021 1.2976495 
1.3137949999999972 1.313795 
-0.21369759999999793 -0.2136976 
-0.0031359999999986954 -0.003136 
-0.024508599999998104 -0.0245086 
0.16979750000000093 0.1697975 
0.037405000000001465 0.037405 
0.01603190000000243 0.0160319 
0.19682450000000085 0.1968245 
0.3987682000000037 0.3987682 
0.6311296999999998 0.6311297 
0.6311296999999998 0.6311297 
0.04305940000000241 0.0430594 
0.5635622000000007 0.5635622 
0.6420112000000033 0.6420112 
0.37250000000000094 0.3725 
0.07794550000000111 0.0779455 
0.11848600000000076 0.118486 
0.614984200000003 0.6149842 
0.5744437000000042 0.5744437 
0.5905891999999993 0.5905892 
0.20742560000000054 0.2074256 
0.18605300000000113 0.186053 
0.38035910000000017 0.3803591 
0.2479666000000007 0.2479666 
0.22659350000000167 0.2265935 
0.4073861000000001 0.4073861 
0.6093298000000029 0.6093298 
0.841691299999999 0.8416913 
0.841691299999999 0.8416913 
0.25362100000000165 0.253621 
0.7741237999999999 0.7741238 
0.8525728000000026 0.8525728 
0.5830616000000002 0.5830616 
0.28850710000000035 0.2885071 
0.3290476 0.3290476 
0.8255458000000022 0.8255458 
0.7850053000000035 0.7850053 
0.8011507999999985 0.8011508 
0.16468040000000173 0.1646804 
0.35898650000000076 0.3589865 
0.2265940000000013 0.226594 
0.20522090000000226 0.2052209 
0.3860135000000007 0.3860135 
0.5879572000000035 0.5879572 
0.8203186999999996 0.8203187 
0.8203186999999996 0.8203187 
0.23224840000000224 0.2322484 
0.7527512000000005 0.7527512 
0.8312002000000032 0.8312002 
0.5616890000000008 0.561689 
0.26713450000000094 0.2671345 
0.3076750000000006 0.307675 
0.8041732000000028 0.8041732 
0.763632700000004 0.7636327 
0.7797781999999991 0.7797782 
0.5532925999999998 0.5532926 
0.42090010000000033 0.4209001 
0.3995270000000013 0.399527 
0.5803195999999997 0.5803196 
0.7822633000000025 0.7822633 
1.0146247999999987 1.0146248 
1.0146247999999987 1.0146248 
0.4265545000000013 0.4265545 
0.9470572999999995 0.9470573 
1.0255063000000022 1.0255063 
0.7559950999999998 0.7559951 
0.4614406 0.4614406 
0.5019810999999996 0.5019811 
0.9984793000000018 0.9984793 
0.9579388000000031 0.9579388 
0.9740842999999981 0.9740843 
0.28850760000000086 0.2885076 
0.26713450000000183 0.2671345 
0.44792710000000024 0.4479271 
0.6498708000000031 0.6498708 
0.8822322999999992 0.8822323 
0.8822322999999992 0.8822323 
0.2941620000000018 0.294162 
0.8146648000000001 0.8146648 
0.8931138000000027 0.8931138 
0.6236026000000003 0.6236026 
0.3290481000000005 0.3290481 
0.36958860000000016 0.3695886 
0.8660868000000024 0.8660868 
0.8255463000000036 0.8255463 
0.8416917999999987 0.8416918 
0.2457614000000028 0.2457614 
0.4265540000000012 0.426554 
0.628497700000004 0.6284977 
0.8608592000000002 0.8608592 
0.8608592000000002 0.8608592 
0.2727889000000028 0.2727889 
0.793291700000001 0.7932917 
0.8717407000000037 0.8717407 
0.6022295000000013 0.6022295 
0.3076750000000015 0.307675 
0.3482155000000011 0.3482155 
0.8447137000000033 0.8447137 
0.8041732000000046 0.8041732 
0.8203186999999996 0.8203187 
0.6073465999999996 0.6073466 
0.8092903000000025 0.8092903 
1.0416517999999986 1.0416518 
1.0416517999999986 1.0416518 
0.4535815000000012 0.4535815 
0.9740842999999995 0.9740843 
1.0525333000000021 1.0525333 
0.7830220999999997 0.7830221 
0.4884675999999999 0.4884676 
0.5290080999999995 0.5290081 
1.0255063000000018 1.0255063 
0.984965800000003 0.9849658 
1.001111299999998 1.0011113 
1.0112340000000053 1.011234 
1.2435955000000014 1.2435955 
1.2435955000000014 1.2435955 
0.655525200000004 0.6555252 
1.1760280000000023 1.176028 
1.254477000000005 1.254477 
0.9849658000000026 0.9849658 
0.6904113000000027 0.6904113 
0.7309518000000024 0.7309518 
1.2274500000000046 1.22745 
1.1869095000000058 1.1869095 
1.2030550000000009 1.203055 
1.4759569999999975 1.475957 
1.4759569999999975 1.475957 
0.8878867000000001 0.8878867 
1.4083894999999984 1.4083895 
1.486838500000001 1.4868385 
1.2173272999999987 1.2173273 
0.9227727999999988 0.9227728 
0.9633132999999985 0.9633133 
1.4598115000000007 1.4598115 
1.419271000000002 1.419271 
1.435416499999997 1.4354165 
1.4759569999999975 1.475957 
0.8878867000000001 0.8878867 
1.4083894999999984 1.4083895 
1.486838500000001 1.4868385 
1.2173272999999987 1.2173273 
0.9227727999999988 0.9227728 
0.9633132999999985 0.9633133 
1.4598115000000007 1.4598115 
1.419271000000002 1.419271 
1.435416499999997 1.4354165 
0.29981640000000276 0.2998164 
0.820319200000001 0.8203192 
0.8987682000000037 0.8987682 
0.6292570000000013 0.629257 
0.33470250000000146 0.3347025 
0.3752430000000011 0.375243 
0.8717412000000033 0.8717412 
0.8312007000000046 0.8312007 
0.8473461999999996 0.8473462 
1.3408219999999993 1.340822 
1.419271000000002 1.419271 
1.1497597999999996 1.1497598 
0.8552052999999997 0.8552053 
0.8957457999999994 0.8957458 
1.3922440000000016 1.392244 
1.3517035000000028 1.3517035 
1.3678489999999979 1.367849 
1.4977200000000046 1.49772 
1.2282088000000022 1.2282088 
0.9336543000000024 0.9336543 
0.974194800000002 0.9741948 
1.4706930000000042 1.470693 
1.4301525000000055 1.4301525 
1.4462980000000005 1.446298 
0.9586975999999998 0.9586976 
0.6641431 0.6641431 
0.7046835999999996 0.7046836 
1.2011818000000019 1.2011818 
1.160641300000003 1.1606413 
1.1767867999999981 1.1767868 
0.36958860000000016 0.3695886 
0.4101290999999998 0.4101291 
0.906627300000002 0.9066273 
0.8660868000000033 0.8660868 
0.8822322999999983 0.8822323 
0.45066959999999945 0.4506696 
0.9471678000000017 0.9471678 
0.9066273000000029 0.9066273 
0.922772799999998 0.9227728 
1.443666000000004 1.443666 
1.4031255000000051 1.4031255 
1.4192710000000002 1.419271 
1.3625850000000064 1.362585 
1.3787305000000014 1.3787305 
1.3948759999999965 1.394876 
