0.837838
0.608108
0.864865
0.918919
0.675676
0.743243
0.905406
0.716217
0.783784
0.648649
0.756757
0.675676
0.851351
0.675676
0.635135
0.905406
0.918919
0.378378
0.635135
0.689189
0.445946
0.513514
0.675676
0.486486
0.554054
0.418918
0.527027
0.445946
0.621621
0.445946
0.405405
0.675676
0.689189
0.891892
0.945946
0.702703
0.770270
0.932433
0.743244
0.810811
0.675676
0.783784
0.702703
0.878379
0.702703
0.662162
0.932433
0.945946
1.000000
0.756757
0.824324
0.986486
0.797297
0.864865
0.729730
0.837838
0.756757
0.932433
0.756757
0.716216
0.986486
1.000000
0.513514
0.581082
0.743243
0.554054
0.621622
0.486486
0.594595
0.513514
0.689189
0.513514
0.472973
0.743243
0.756757
0.648649
0.810811
0.621622
0.689189
0.554054
0.662162
0.581082
0.756757
0.581082
0.540540
0.810811
0.824324
0.972973
0.783784
0.851351
0.716216
0.824324
0.743243
0.918919
0.743243
0.702703
0.972973
0.986486
0.594595
0.662163
0.527027
0.635136
0.554054
0.729730
0.554054
0.513514
0.783784
0.797297
0.729730
0.594594
0.702703
0.621622
0.797297
0.621622
0.581081
0.851351
0.864865
0.459459
0.567567
0.486486
0.662162
0.486486
0.445946
0.716216
0.729730
0.675676
0.594595
0.770270
0.594595
0.554054
0.824324
0.837838
0.513514
0.689189
0.513514
0.472973
0.743243
0.756757
0.864865
0.689189
0.648649
0.918919
0.932433
0.513514
0.472973
0.743243
0.756757
0.432432
0.702703
0.716216
0.972973
0.986486
1.000000