Res A C D E F G H I K L M N P Q R S T V W Y
A -0.142 -0.257 -0.004 0.022000000000000002 -0.425 -0.087 -0.1 -0.39299999999999996 0.049 -0.43799999999999994 -0.307 -0.023 -0.049 -0.03 -0.022000000000000002 -0.046 -0.08800000000000001 -0.32 -0.29100000000000004 -0.228
C 0.0 -0.51 -0.1 -0.081 -0.5579999999999999 -0.201 -0.261 -0.518 -0.038 -0.562 -0.449 -0.124 -0.18899999999999997 -0.16 -0.122 -0.161 -0.195 -0.445 -0.44299999999999995 -0.337
D 0.0 0.0 0.062 0.08800000000000001 -0.245 0.011000000000000001 -0.08800000000000001 -0.203 -0.001 -0.23399999999999999 -0.122 -0.001 0.046 0.027999999999999997 -0.084 0.005 -0.018000000000000002 -0.11 -0.158 -0.147
E 0.0 0.0 0.0 0.10300000000000001 -0.256 0.061 -0.065 -0.21600000000000003 -0.018000000000000002 -0.26 -0.165 0.022000000000000002 0.055 0.034 -0.081 0.026000000000000002 -0.009000000000000001 -0.135 -0.17800000000000002 -0.151
F 0.0 0.0 0.0 0.0 -0.7559999999999999 -0.33299999999999996 -0.419 -0.6990000000000001 -0.228 -0.758 -0.6609999999999999 -0.281 -0.349 -0.32899999999999996 -0.312 -0.318 -0.353 -0.625 -0.607 -0.539
G 0.0 0.0 0.0 0.0 0.0 -0.077 -0.065 -0.285 0.07 -0.337 -0.233 -0.009000000000000001 -0.027000000000000003 0.001 -0.006999999999999999 -0.02 -0.055 -0.231 -0.237 -0.18100000000000002
H 0.0 0.0 0.0 0.0 0.0 0.0 -0.187 -0.33399999999999996 0.043 -0.38799999999999996 -0.312 -0.055 -0.078 -0.042 -0.066 -0.059000000000000004 -0.10099999999999999 -0.258 -0.312 -0.25
I 0.0 0.0 0.0 0.0 0.0 0.0 0.0 -0.6579999999999999 -0.18100000000000002 -0.726 -0.588 -0.212 -0.28300000000000003 -0.27 -0.265 -0.25 -0.319 -0.5920000000000001 -0.556 -0.484
K 0.0 0.0 0.0 0.0 0.0 0.0 0.0 0.0 0.21 -0.23 -0.11 0.062 0.095 0.051 0.146 0.084 0.049 -0.111 -0.138 -0.126
L 0.0 0.0 0.0 0.0 0.0 0.0 0.0 0.0 0.0 -0.7709999999999999 -0.6409999999999999 -0.28 -0.342 -0.32 -0.319 -0.304 -0.361 -0.65 -0.604 -0.541
M 0.0 0.0 0.0 0.0 0.0 0.0 0.0 0.0 0.0 0.0 -0.512 -0.17300000000000001 -0.24100000000000002 -0.22 -0.196 -0.184 -0.249 -0.493 -0.525 -0.43799999999999994
N 0.0 0.0 0.0 0.0 0.0 0.0 0.0 0.0 0.0 0.0 0.0 -0.001 0.019 -0.005 0.004 0.012 -0.027999999999999997 -0.157 -0.18899999999999997 -0.147
P 0.0 0.0 0.0 0.0 0.0 0.0 0.0 0.0 0.0 0.0 0.0 0.0 -0.011000000000000001 -0.008 -0.004 0.013999999999999999 -0.031 -0.223 -0.27899999999999997 -0.20600000000000002
Q 0.0 0.0 0.0 0.0 0.0 0.0 0.0 0.0 0.0 0.0 0.0 0.0 0.0 0.018000000000000002 -0.018000000000000002 0.024 -0.031 -0.18899999999999997 -0.195 -0.17600000000000002
R 0.0 0.0 0.0 0.0 0.0 0.0 0.0 0.0 0.0 0.0 0.0 0.0 0.0 0.0 0.016 0.006999999999999999 -0.031 -0.18899999999999997 -0.235 -0.201
S 0.0 0.0 0.0 0.0 0.0 0.0 0.0 0.0 0.0 0.0 0.0 0.0 0.0 0.0 0.0 0.0 -0.039 -0.187 -0.17800000000000002 -0.15
T 0.0 0.0 0.0 0.0 0.0 0.0 0.0 0.0 0.0 0.0 0.0 0.0 0.0 0.0 0.0 0.0 -0.061 -0.242 -0.21 -0.18100000000000002
V 0.0 0.0 0.0 0.0 0.0 0.0 0.0 0.0 0.0 0.0 0.0 0.0 0.0 0.0 0.0 0.0 0.0 -0.521 -0.475 -0.39899999999999997
W 0.0 0.0 0.0 0.0 0.0 0.0 0.0 0.0 0.0 0.0 0.0 0.0 0.0 0.0 0.0 0.0 0.0 0.0 -0.45799999999999996 -0.40399999999999997
Y 0.0 0.0 0.0 0.0 0.0 0.0 0.0 0.0 0.0 0.0 0.0 0.0 0.0 0.0 0.0 0.0 0.0 0.0 0.0 -0.33799999999999997
