Res A C D E F G H I K L M N P Q R S T V W Y
A -0.142 -0.257 -0.004 0.022 -0.425 -0.087 -0.1 -0.393 0.049 -0.438 -0.307 -0.023 -0.049 -0.03 -0.022 -0.046 -0.088 -0.32 -0.291 -0.228
C 0 -0.51 -0.1 -0.081 -0.558 -0.201 -0.261 -0.518 -0.038 -0.562 -0.449 -0.124 -0.189 -0.16 -0.122 -0.161 -0.195 -0.445 -0.443 -0.337
D 0 0 0.062 0.088 -0.245 0.011 -0.088 -0.203 -0.001 -0.234 -0.122 -0.001 0.046 0.028 -0.084 0.005 -0.018 -0.11 -0.158 -0.147
E 0 0 0 0.103 -0.256 0.061 -0.065 -0.216 -0.018 -0.26 -0.165 0.022 0.055 0.034 -0.081 0.026 -0.009 -0.135 -0.178 -0.151
F 0 0 0 0 -0.756 -0.333 -0.419 -0.699 -0.228 -0.758 -0.661 -0.281 -0.349 -0.329 -0.312 -0.318 -0.353 -0.625 -0.607 -0.539
G 0 0 0 0 0 -0.077 -0.065 -0.285 0.07 -0.337 -0.233 -0.009 -0.027 0.001 -0.007 -0.02 -0.055 -0.231 -0.237 -0.181
H 0 0 0 0 0 0 -0.187 -0.334 0.043 -0.388 -0.312 -0.055 -0.078 -0.042 -0.066 -0.059 -0.101 -0.258 -0.312 -0.25
I 0 0 0 0 0 0 0 -0.658 -0.181 -0.726 -0.588 -0.212 -0.283 -0.27 -0.265 -0.25 -0.319 -0.592 -0.556 -0.484
K 0 0 0 0 0 0 0 0 0.21 -0.23 -0.11 0.062 0.095 0.051 0.146 0.084 0.049 -0.111 -0.138 -0.126
L 0 0 0 0 0 0 0 0 0 -0.771 -0.641 -0.28 -0.342 -0.32 -0.319 -0.304 -0.361 -0.65 -0.604 -0.541
M 0 0 0 0 0 0 0 0 0 0 -0.512 -0.173 -0.241 -0.22 -0.196 -0.184 -0.249 -0.493 -0.525 -0.438
N 0 0 0 0 0 0 0 0 0 0 0 -0.001 0.019 -0.005 0.004 0.012 -0.028 -0.157 -0.189 -0.147
P 0 0 0 0 0 0 0 0 0 0 0 0 -0.011 -0.008 -0.004 0.014 -0.031 -0.223 -0.279 -0.206
Q 0 0 0 0 0 0 0 0 0 0 0 0 0 0.018 -0.018 0.024 -0.031 -0.189 -0.195 -0.176
R 0 0 0 0 0 0 0 0 0 0 0 0 0 0 0.016 0.007 -0.031 -0.189 -0.235 -0.201
S 0 0 0 0 0 0 0 0 0 0 0 0 0 0 0 0. -0.039 -0.187 -0.178 -0.15
T 0 0 0 0 0 0 0 0 0 0 0 0 0 0 0 0 -0.061 -0.242 -0.21 -0.181
V 0 0 0 0 0 0 0 0 0 0 0 0 0 0 0 0 0 -0.521 -0.475 -0.399
W 0 0 0 0 0 0 0 0 0 0 0 0 0 0 0 0 0 0 -0.458 -0.404
Y 0 0 0 0 0 0 0 0 0 0 0 0 0 0 0 0 0 0 0 -0.338