# rg exvol locexvol bias torsionterm hbmm hbms hydrophobicity chargedscinteraction
1.818623562631803026e+01 9.900826426872721964e-01 9.938050142907802753e-01 9.967590682638136634e-01 9.995530102552787621e-01 1.032986410466460114e+00 1.003843483882520982e+00 1.060129601127908883e+00 1.005887395631857917e+00
1.818696841399161102e+01 9.902043585835667017e-01 9.937218442357714787e-01 9.968071258674109369e-01 9.995368112379960923e-01 1.033019444646364304e+00 1.003817492760941565e+00 1.060098195495571272e+00 1.005880519292627895e+00
1.818761373029139961e+01 9.901170950142306193e-01 9.937823961841946163e-01 9.968706946054664009e-01 9.995678021522929058e-01 1.032920426249811729e+00 1.003803596642636631e+00 1.060122817514114413e+00 1.005881979954965644e+00
1.818870597487689622e+01 9.901222587472147119e-01 9.937562569796349887e-01 9.967893884373951741e-01 9.995594730816665940e-01 1.032952171989467427e+00 1.003764019844038291e+00 1.060056301015254387e+00 1.005897635312877236e+00
1.819003660134310252e+01 9.901669560676891191e-01 9.937302245560664105e-01 9.967922921443252982e-01 9.995697264482007460e-01 1.033091920776906480e+00 1.003757387715382476e+00 1.059939078485259367e+00 1.005820075321432139e+00
1.819152694500133194e+01 9.902508944494526899e-01 9.937844522241985334e-01 9.967941752819693413e-01 9.995245138116339856e-01 1.032989025346292555e+00 1.003803391609023654e+00 1.059947359647966936e+00 1.005865944568439030e+00
1.819377308917091085e+01 9.902324175490642144e-01 9.937712596343850624e-01 9.967659285364054433e-01 9.994825387842249942e-01 1.032810302216150333e+00 1.003862329089192151e+00 1.059947411951743579e+00 1.005844724260466894e+00
1.819632201049413922e+01 9.901393547170898035e-01 9.938653624866846670e-01 9.968381060681656969e-01 9.995675955470701979e-01 1.032733541886244222e+00 1.003741367591655553e+00 1.059897741852454889e+00 1.005805338247717007e+00
1.819946777516707215e+01 9.902147616975323086e-01 9.938162351421206964e-01 9.968609292959478285e-01 9.995629347686401101e-01 1.032829156954496286e+00 1.003751452207100492e+00 1.059721675446576139e+00 1.005856411236695447e+00
1.820370744333126112e+01 9.902369935615444874e-01 9.938073486267680057e-01 9.969526996746188585e-01 9.995529812493201272e-01 1.032825856061160064e+00 1.003719772114440634e+00 1.059561393385919370e+00 1.005870192998369994e+00
1.820881941007078453e+01 9.902500483000777898e-01 9.938755499767023549e-01 9.968119508373851634e-01 9.995491507680840382e-01 1.032731752119711244e+00 1.003661740256362123e+00 1.059414136647801818e+00 1.005862425410701810e+00
1.821515720180326525e+01 9.902952374847269201e-01 9.938115435713030799e-01 9.968944417200130692e-01 9.995471944748166582e-01 1.032717359958944092e+00 1.003716233577778283e+00 1.059174210996881360e+00 1.005811941738804727e+00
1.822334190763005068e+01 9.903458181681612515e-01 9.939273400429120553e-01 9.969077607128946639e-01 9.995810452198977680e-01 1.032634219832018641e+00 1.003684407215365226e+00 1.058921106562041192e+00 1.005748467711022442e+00
1.823392874941275110e+01 9.903743832302371874e-01 9.938648379309147352e-01 9.968230010673286845e-01 9.995872900580400344e-01 1.032620096435266532e+00 1.003702377858629813e+00 1.058501835474754849e+00 1.005691054293670117e+00
1.824676926486066364e+01 9.904981680575883907e-01 9.939092586186443201e-01 9.968957887918331595e-01 9.995032484025715425e-01 1.032436280964286190e+00 1.003629116048520675e+00 1.058122456450145243e+00 1.005680797993136366e+00
1.826199227033591654e+01 9.905155371707587975e-01 9.939688284518712891e-01 9.969246829465221449e-01 9.996329693390464399e-01 1.032384735856938685e+00 1.003619875917568738e+00 1.057555037703180156e+00 1.005647449603704668e+00
1.828228643959230837e+01 9.906132909993095037e-01 9.938917127344251146e-01 9.969273327733535472e-01 9.996026812153721020e-01 1.032249929807366406e+00 1.003497222449051041e+00 1.056834166885418202e+00 1.005610662081315443e+00
1.830617089248083218e+01 9.907665947650433624e-01 9.939734788575474989e-01 9.969762260485631744e-01 9.996032927445213101e-01 1.032058053696429445e+00 1.003445325702281288e+00 1.056029288551752154e+00 1.005538421596364529e+00
1.833663901855540956e+01 9.908745293971281676e-01 9.940058767383952443e-01 9.969838695583708166e-01 9.996678264525802327e-01 1.031783436461965353e+00 1.003348398897803584e+00 1.054997421848887784e+00 1.005445407639844024e+00
1.837243152871800334e+01 9.911014952137872092e-01 9.940603889652963598e-01 9.970214404159398747e-01 9.997697061053558709e-01 1.031406834459735355e+00 1.003245604781061395e+00 1.053836107122791965e+00 1.005343458216324759e+00
1.841622207822912216e+01 9.913016831640146798e-01 9.941409147514226330e-01 9.970684531981770515e-01 9.997653333893361527e-01 1.031088709604976339e+00 1.003194846419478647e+00 1.052315762480046546e+00 1.005221379408442584e+00
1.846846225353773008e+01 9.915959835263979949e-01 9.941480039817319758e-01 9.971651783438281180e-01 9.998917395768112115e-01 1.030601015223884920e+00 1.003039602951283138e+00 1.050573383727559484e+00 1.005075352270408118e+00
1.853029400747436739e+01 9.918307709604587963e-01 9.943478180162244051e-01 9.972669173518591279e-01 9.998880189892620507e-01 1.029911471285414715e+00 1.002856100886429180e+00 1.048580478987469977e+00 1.004910756207456402e+00
1.860356635773214506e+01 9.922720618576530427e-01 9.944796764410309686e-01 9.973593694986303548e-01 9.999612979112546540e-01 1.029210788684004729e+00 1.002740257867570151e+00 1.046155322940964361e+00 1.004698473034689510e+00
1.868644341307524570e+01 9.926475022230847323e-01 9.945946532603265888e-01 9.974812223126194866e-01 9.999764481135657856e-01 1.028231311213968269e+00 1.002580937798689398e+00 1.043511147117524462e+00 1.004389916659482518e+00
1.878097998582919104e+01 9.931106543349079718e-01 9.948764810255819047e-01 9.975081738956017574e-01 1.000057972771907000e+00 1.027055274227383741e+00 1.002372194735542621e+00 1.040527327138793368e+00 1.004233141124779571e+00
1.888541684782503083e+01 9.935918196896992294e-01 9.951107775597707317e-01 9.976940987234423908e-01 1.000031481898977281e+00 1.025731396198674483e+00 1.002159748764219982e+00 1.037247942729118355e+00 1.003882207210131217e+00
1.899836795022179459e+01 9.941451846028432904e-01 9.954237318646643740e-01 9.978460558385752188e-01 1.000166206384357714e+00 1.024204809249421144e+00 1.001980974466707197e+00 1.033744335055160057e+00 1.003593365380905933e+00
1.911981084089674710e+01 9.946375477193702963e-01 9.957697491201065176e-01 9.980206422410906608e-01 1.000164641485578487e+00 1.022231349661079980e+00 1.001761573618876966e+00 1.030178664333235794e+00 1.003262770032261164e+00
1.924207343574039086e+01 9.952893601076988617e-01 9.961160694943531624e-01 9.982406274484967312e-01 1.000159563320742961e+00 1.020273689353705437e+00 1.001609692301932864e+00 1.026564399476468381e+00 1.002910491634775525e+00
1.936591484879841119e+01 9.958176370784614928e-01 9.965317741281974895e-01 9.983921925899224004e-01 1.000149042700281932e+00 1.018067483238073390e+00 1.001404476045796521e+00 1.023010884384635499e+00 1.002603504043392268e+00
1.948637977396912291e+01 9.963843076346730054e-01 9.969589089528512194e-01 9.985851250549577784e-01 1.000206165358122679e+00 1.015826207515581281e+00 1.001213213227859944e+00 1.019598223913358526e+00 1.002291593926617042e+00
1.959535406730104512e+01 9.968947398639872448e-01 9.973230913788575513e-01 9.987793826842672473e-01 1.000187457312223582e+00 1.013711888116873183e+00 1.001021392171710378e+00 1.016541695068122308e+00 1.001923641527324271e+00
1.969793023056354286e+01 9.973722481166993337e-01 9.976937103931107220e-01 9.989138473725519551e-01 1.000187536084414130e+00 1.011577445513161422e+00 1.000866690856748953e+00 1.013727079550815535e+00 1.001634267149420943e+00
1.978551853952008344e+01 9.978131912872327813e-01 9.980952534449025748e-01 9.991348254681771124e-01 1.000232151025559624e+00 1.009719838825021920e+00 1.000792133674010209e+00 1.011333291068480467e+00 1.001403424539107023e+00
1.986183079358965742e+01 9.982180663978402757e-01 9.984436324314551747e-01 9.992689853359716379e-01 1.000104720527214663e+00 1.007987924400787882e+00 1.000640493013120302e+00 1.009325421825858271e+00 1.001135719360958021e+00
1.992663179837652976e+01 9.985415176700892514e-01 9.987509787551289708e-01 9.994077555197409257e-01 1.000143455186826014e+00 1.006612170293136321e+00 1.000510128088109241e+00 1.007501692113830671e+00 1.000955287193564747e+00
1.998089599643228453e+01 9.988319496338100567e-01 9.989570272897503322e-01 9.994722710107338814e-01 1.000131983000674740e+00 1.005346447143959931e+00 1.000356103235611638e+00 1.006056110970618533e+00 1.000727485063555022e+00
2.002619349737502574e+01 9.990291736040544102e-01 9.991117324979328362e-01 9.996225362790256419e-01 1.000121404128381908e+00 1.004301523791983675e+00 1.000335282930523428e+00 1.004802159103897585e+00 1.000615186215166208e+00
2.006200170736777366e+01 9.991957146563974490e-01 9.993348387131880672e-01 9.996811657514199645e-01 1.000069478493015973e+00 1.003403529028338514e+00 1.000253437441264159e+00 1.003888613761601656e+00 1.000491496575653283e+00
2.009150004342832574e+01 9.993882701943700431e-01 9.994695772989702354e-01 9.997688131824480351e-01 1.000064399109786173e+00 1.002737895003884994e+00 1.000196853055375090e+00 1.003063561205957965e+00 1.000412441275782216e+00
2.011290690746560372e+01 9.995153232524776055e-01 9.995624010274477556e-01 9.997687929752534508e-01 1.000069711366974978e+00 1.002253447366885819e+00 1.000194302082158426e+00 1.002459322104247708e+00 1.000283710651767688e+00
2.013301047902019292e+01 9.996030306664602794e-01 9.996756564359836617e-01 9.998095245018110422e-01 1.000001479681287941e+00 1.001686655589782315e+00 1.000143423526417941e+00 1.001984476460722195e+00 1.000250007960895360e+00
2.014682901710813923e+01 9.997112363636225796e-01 9.996926714599146946e-01 9.998942461228590428e-01 1.000043984582521084e+00 1.001399721645866547e+00 1.000102677565859466e+00 1.001567841246832735e+00 1.000208233686636472e+00
2.015976410766826632e+01 9.997628972901605460e-01 9.997991631995482020e-01 9.998702521892629536e-01 1.000031622526679875e+00 1.001112157533381675e+00 1.000085409017039684e+00 1.001192786130885803e+00 1.000153125038119040e+00
2.016902195573456424e+01 9.998051541737439374e-01 9.998372208023430519e-01 9.999211781477996830e-01 1.000028102587607881e+00 1.000870704711046777e+00 1.000060798093535652e+00 1.000953971764759309e+00 1.000132484215379147e+00
2.017535319121479986e+01 9.998447207086870181e-01 9.998684476571266799e-01 9.999361860463490403e-01 1.000027896614274825e+00 1.000715536263051320e+00 1.000044164140664993e+00 1.000784094577490402e+00 1.000106506211931201e+00
2.018205418893710146e+01 9.998717010081792367e-01 9.998762285581772602e-01 9.999379029328678836e-01 9.999884296887827650e-01 1.000532328620018951e+00 1.000034837223456208e+00 1.000612273029087396e+00 1.000082106479657895e+00
2.018693724808534640e+01 9.999188589259043747e-01 9.999122276688041655e-01 9.999514768391104536e-01 1.000010428541235008e+00 1.000430730995069961e+00 1.000048475807114867e+00 1.000467639332196956e+00 1.000062905137972358e+00
2.019047617243144188e+01 9.999185354121051805e-01 9.999232002312901102e-01 9.999702697807185681e-01 1.000001287057378230e+00 1.000334149648444582e+00 1.000025724372576974e+00 1.000378567478061642e+00 1.000039426083092486e+00
2.021828918807328179e+01 1.000057471019335065e+00 1.000063009304652528e+00 1.000042678101605853e+00 9.999846454693633868e-01 9.996432080560062605e-01 9.999833781708846736e-01 9.996212615154866921e-01 9.999543349808249770e-01
2.022211474265735376e+01 1.000105930097323403e+00 1.000094086940044313e+00 1.000044672184749128e+00 9.999899681174517774e-01 9.995478195364058127e-01 9.999805703882496122e-01 9.995237150269600246e-01 9.999443829741805345e-01
2.022650671519358667e+01 1.000145866355496072e+00 1.000105915673505708e+00 1.000050968645441962e+00 9.999904003669650709e-01 9.994465590721535175e-01 9.999603304630219069e-01 9.993968344812058646e-01 9.999422724338978830e-01
2.023175299153131945e+01 1.000146434475503998e+00 1.000135530613127655e+00 1.000087758019032380e+00 1.000013499625218572e+00 9.993094690183311757e-01 9.999593643705783075e-01 9.992571654099750011e-01 9.999119668359406354e-01
2.023872736419196627e+01 1.000193398318119709e+00 1.000175397480724371e+00 1.000077490435395955e+00 9.999850823532421273e-01 9.991386076543877781e-01 9.999371275740820408e-01 9.990682271357658184e-01 9.998686589063539021e-01
2.024775262348229887e+01 1.000250974197858023e+00 1.000238624327682846e+00 1.000073424562331947e+00 1.000028461475555019e+00 9.988996428250248583e-01 9.998859635411432301e-01 9.988326159994779241e-01 9.998783255191334707e-01
2.025897161104532884e+01 1.000308095984130841e+00 1.000289511544503629e+00 1.000128697009377010e+00 9.999612787082039489e-01 9.986360674093632817e-01 9.998788112760045310e-01 9.985100164594422623e-01 9.998464002981868326e-01
2.027271247961398259e+01 1.000388060624630038e+00 1.000340370250815347e+00 1.000157687265041506e+00 9.999733161192994046e-01 9.983002311791658867e-01 9.999101464852495624e-01 9.981223855679638435e-01 9.997660888453425709e-01
2.029055152232592363e+01 1.000454953467364572e+00 1.000420406348206726e+00 1.000207955122603742e+00 9.999189533948729114e-01 9.978556925896856500e-01 9.998101774973384703e-01 9.976255263481959012e-01 9.997054905646369782e-01
2.031013524172571394e+01 1.000613869354064489e+00 1.000521052826447654e+00 1.000268386372330731e+00 9.999427978361326019e-01 9.973241876588756494e-01 9.998221276452596840e-01 9.971239661303232804e-01 9.996604081968979427e-01
2.033842999165263521e+01 1.000684264814811986e+00 1.000618795408915407e+00 1.000297101510861264e+00 9.998331211450539602e-01 9.965291946112988519e-01 9.996589867722549538e-01 9.963852838831460668e-01 9.996039240801433134e-01
2.036833582152547351e+01 1.000936400612141952e+00 1.000844264447256382e+00 1.000390276772185949e+00 9.999294905502058572e-01 9.958592588707315674e-01 9.997144593852701489e-01 9.954945889059517716e-01 9.994520736253553750e-01
2.040619409846846111e+01 1.001162407615721506e+00 1.001044811182985050e+00 1.000458177791973213e+00 9.998438503938309463e-01 9.948815045461221196e-01 9.995854499543410654e-01 9.944575733834921660e-01 9.992246983069732469e-01
2.045141748923073521e+01 1.001418587206155175e+00 1.001311684221101173e+00 1.000595037449249158e+00 9.997868596865394641e-01 9.936449002277680798e-01 9.995862767379677383e-01 9.932447125484338279e-01 9.990493175281367488e-01
2.050111172324525555e+01 1.001713121856028010e+00 1.001579612362912819e+00 1.000710458324687302e+00 9.997140332785795502e-01 9.923526980440151579e-01 9.994476818658470929e-01 9.918278262146712487e-01 9.988503956701950681e-01
2.056090479911707902e+01 1.002092743516364459e+00 1.001913926135962640e+00 1.000899531034544099e+00 9.996629824156120225e-01 9.907396497454074025e-01 9.993926536295671958e-01 9.901403750328120479e-01 9.986195757110023496e-01
2.062792927673531196e+01 1.002581882584543616e+00 1.002322235142944606e+00 1.001082532432698180e+00 9.996152709267125402e-01 9.888653080133286144e-01 9.991802106207712253e-01 9.882905981504144233e-01 9.983231819493896264e-01
2.070265616564794087e+01 1.003042249056345536e+00 1.002801748135949467e+00 1.001285289044686611e+00 9.994686980028940626e-01 9.867595331838574513e-01 9.990446245348281185e-01 9.861570754173243358e-01 9.979747443520429195e-01
2.078263511946375885e+01 1.003639367390787296e+00 1.003113217218281061e+00 1.001601631716742880e+00 9.994343939802994292e-01 9.843840076282410756e-01 9.988700516049948686e-01 9.838911623040733634e-01 9.976031700128153989e-01
2.086916609156278568e+01 1.004239226591447043e+00 1.003812015939339997e+00 1.001892879685165827e+00 9.992288775494472253e-01 9.818998739530222508e-01 9.987838434233479168e-01 9.812993313854702082e-01 9.972144414383445898e-01
2.096095676655496831e+01 1.004934869022557464e+00 1.004343041062050634e+00 1.002141159934708092e+00 9.990109506827012931e-01 9.790521443867787887e-01 9.984904023981568955e-01 9.786103067013477430e-01 9.967257786351984006e-01
2.105534971846324765e+01 1.005683472550896074e+00 1.004998563456208638e+00 1.002446618374825515e+00 9.988204087635553785e-01 9.762161101539925667e-01 9.982604159735752880e-01 9.756276927322711234e-01 9.962009449693851604e-01
2.115188425075814038e+01 1.006579458393224158e+00 1.005664083399934405e+00 1.002838238100766111e+00 9.985383556856841647e-01 9.731402766608558963e-01 9.980362822387441879e-01 9.726069642319594699e-01 9.956753388501784485e-01
2.124774749078034120e+01 1.007404537767838892e+00 1.006296582397940176e+00 1.003213607078371483e+00 9.982121939618437967e-01 9.699622910780822949e-01 9.977803547025413389e-01 9.695208762810105796e-01 9.951056212696911540e-01
2.134338205230205077e+01 1.008392761232949519e+00 1.006997687531324015e+00 1.003564746323993395e+00 9.978928518500440603e-01 9.667978001139252431e-01 9.976982566637800920e-01 9.662609355476670103e-01 9.945435164043806564e-01
2.143434542630347650e+01 1.009333521854249849e+00 1.007656383935158662e+00 1.003971134796927567e+00 9.974902022707181626e-01 9.636121774557837583e-01 9.974488695527007343e-01 9.631653122914224374e-01 9.938612513776379220e-01
2.152268055612781694e+01 1.010311096106307760e+00 1.008280405670106461e+00 1.004294058394394007e+00 9.970902587270069617e-01 9.604491829369123934e-01 9.973253016833416584e-01 9.599900330104147450e-01 9.932860457621384143e-01
2.160580125733521584e+01 1.011314482794388958e+00 1.008905409363618944e+00 1.004774344394594454e+00 9.966299666019804437e-01 9.574204720169894323e-01 9.971150951234508675e-01 9.568966928739094380e-01 9.927522939966852977e-01
2.168420951806943719e+01 1.012370359346396409e+00 1.009421768493786953e+00 1.005155795746469183e+00 9.961078613995805187e-01 9.545573620874736598e-01 9.970442231802192357e-01 9.537931003894024595e-01 9.921711895316526197e-01
2.175585897442061523e+01 1.013328392022355917e+00 1.009819404841427737e+00 1.005486415388952004e+00 9.955914334537037114e-01 9.517633148671558185e-01 9.969043323793278510e-01 9.509300258721917753e-01 9.916337583566391389e-01
2.182124865195712360e+01 1.014277647722771958e+00 1.010191783826642542e+00 1.005762975373665657e+00 9.950411192583967779e-01 9.491425448636258144e-01 9.968488226579333977e-01 9.482343932093487693e-01 9.911474902369872275e-01
2.188040748091316701e+01 1.015217574986785554e+00 1.010554916799916381e+00 1.006164585202727224e+00 9.945410907354630403e-01 9.467646571058077054e-01 9.967889615676825965e-01 9.456989703430587202e-01 9.906794953624322719e-01
2.193353804678610075e+01 1.016042277755158540e+00 1.010812573751241450e+00 1.006439680359120903e+00 9.940285946911613379e-01 9.446732850361694300e-01 9.968313095162262272e-01 9.432180153833196190e-01 9.902629885987224156e-01
2.198013339011015788e+01 1.016902232017363072e+00 1.010908876472775830e+00 1.006634161430532526e+00 9.935070277545279271e-01 9.426829403701961763e-01 9.968293522940949725e-01 9.411001834584915571e-01 9.899211628027315690e-01
2.202092329250506353e+01 1.017526778901998163e+00 1.011060692143820994e+00 1.006810854023503676e+00 9.929523833743089112e-01 9.409694997544928441e-01 9.968555332853169526e-01 9.391214117700201758e-01 9.895900213340985685e-01
2.205568944714066149e+01 1.018138489858637197e+00 1.011207444888270857e+00 1.007011855402460743e+00 9.925236704165338875e-01 9.395366207141402359e-01 9.968765905591436827e-01 9.373704644090640192e-01 9.892839690091960181e-01
2.208556589591700359e+01 1.018811651629856652e+00 1.011195636310577184e+00 1.007146627875374234e+00 9.921678317273749936e-01 9.382235109353979086e-01 9.969185456426163938e-01 9.358896099193177998e-01 9.891061398801097582e-01
2.211061415572136113e+01 1.019309234262942176e+00 1.011179794479415861e+00 1.007295843518843714e+00 9.917096747726255046e-01 9.370055074579231036e-01 9.970721472446237854e-01 9.347296038338896995e-01 9.889044129026993701e-01
2.213234670700641971e+01 1.019781310372865457e+00 1.011181073130452024e+00 1.007415439517064693e+00 9.914343701892672778e-01 9.360475805625214640e-01 9.970553959133149347e-01 9.336193827443668436e-01 9.886380575504630785e-01
2.214967596878683409e+01 1.020125080077167734e+00 1.011204950060968111e+00 1.007489496851313948e+00 9.911728456733948089e-01 9.353352971584700803e-01 9.970103589075912653e-01 9.326354521747165505e-01 9.885874737761186637e-01
2.216430820538829138e+01 1.020516453048533112e+00 1.011167222887883188e+00 1.007531156982645726e+00 9.908484517034285011e-01 9.346606186212289558e-01 9.970298635160644851e-01 9.319106376652624979e-01 9.884259296788859839e-01
2.217616276316119439e+01 1.020740152752411367e+00 1.011190418332325480e+00 1.007643524906702392e+00 9.906842263088690981e-01 9.340966563577852710e-01 9.971941423796053527e-01 9.312919109179671473e-01 9.883474795902391641e-01
2.218592779033661699e+01 1.020824344277225126e+00 1.011187196719980808e+00 1.007696866488775544e+00 9.904838337958301597e-01 9.337149070534005446e-01 9.971661911359414043e-01 9.306738177546087787e-01 9.882827622344854124e-01
2.219373097650246862e+01 1.021144175569228540e+00 1.011067781349870742e+00 1.007784145731335901e+00 9.903957336818796087e-01 9.332567608368144141e-01 9.970836716968396463e-01 9.303761354283011098e-01 9.882362527550926368e-01
2.219991059599004757e+01 1.021383013943763407e+00 1.011240285105414527e+00 1.007847424515791790e+00 9.902273468715456772e-01 9.330931362182601774e-01 9.971711100725471066e-01 9.300028422180554033e-01 9.881369487369997540e-01
2.220504930958228229e+01 1.021187516632077186e+00 1.011252556076792208e+00 1.007728563370308805e+00 9.901919694129019955e-01 9.327103838685987247e-01 9.971848867680508377e-01 9.297488214881062252e-01 9.880910064850607633e-01
2.220902956745102586e+01 1.021444560875834462e+00 1.011128856853413582e+00 1.007654500518126328e+00 9.899757812461444928e-01 9.325309791489122535e-01 9.972573401949705874e-01 9.295610529252817944e-01 9.880941947333660158e-01
2.221231918159082497e+01 1.021494788422801392e+00 1.011106366703966586e+00 1.007792953896238242e+00 9.900258287953442871e-01 9.324361059223881254e-01 9.972878231144894912e-01 9.293100614061569065e-01 9.880897002298314469e-01
2.221480098741778519e+01 1.021542151359353667e+00 1.011106970971582530e+00 1.007867893232009315e+00 9.900620843408698413e-01 9.323028403648582207e-01 9.971909552568414270e-01 9.291921881488531820e-01 9.880514383553028468e-01
2.221680997302584260e+01 1.021580257587151763e+00 1.011051336429104719e+00 1.007797376007015133e+00 9.899525247006852879e-01 9.322432655337795637e-01 9.973458737079704539e-01 9.290432498590233124e-01 9.879866916763395679e-01
