# rg exvol locexvol bias torsionterm hbmm hbms hydrophobicity chargedscinteraction
-1.991911163676345353e+00 9.943686410643338691e-01 9.935794007775075043e-01 1.000571701144397307e+00 9.997299456956640906e-01 1.053326787219123428e+00 9.990476587018957133e-01 1.019888163966182315e+00 1.003128790800808412e+00
-1.991706294158205992e+00 9.944346045969247871e-01 9.935331701937599735e-01 1.000534940202268075e+00 9.997029318582769664e-01 1.053325539441433145e+00 9.991005355079032313e-01 1.019897524639179487e+00 1.003071849677918514e+00
-1.991287418189070735e+00 9.943608235097940451e-01 9.935501898520788799e-01 1.000608503535497906e+00 9.997516608337357891e-01 1.053311312865258476e+00 9.990943566545079646e-01 1.019891288382130501e+00 1.003121179965239529e+00
-1.991061815159557824e+00 9.943953213107357136e-01 9.936180873786474299e-01 1.000588366617226166e+00 9.997351892604718904e-01 1.053320292804551972e+00 9.990236871717816936e-01 1.019883006658832914e+00 1.003134438172933240e+00
-1.990435998573108378e+00 9.943992365089264762e-01 9.935601030617000617e-01 1.000544960571319031e+00 9.996950829983100029e-01 1.053304757923351875e+00 9.990616667340399548e-01 1.019891014672468454e+00 1.003064320875129978e+00
-1.989730733129878359e+00 9.943738055772164408e-01 9.935717463563357166e-01 1.000598036887249132e+00 9.997162928471171606e-01 1.053309501302054363e+00 9.990993048670921972e-01 1.019823545574633172e+00 1.003182367467332359e+00
-1.988984673451547280e+00 9.944014362407385121e-01 9.935644238042418142e-01 1.000641386029067714e+00 9.997731496138784202e-01 1.053298487683622220e+00 9.990604640161541150e-01 1.019822223638407799e+00 1.003174304410225037e+00
-1.988091667472026813e+00 9.944055034013112859e-01 9.935358346681215647e-01 1.000572345256381945e+00 9.997566532359726255e-01 1.053249512277876221e+00 9.991037467376411296e-01 1.019917492408141557e+00 1.003108829877922936e+00
-1.986634074678640616e+00 9.943958297088011378e-01 9.935086308768992236e-01 1.000616494987377258e+00 9.997337034497846275e-01 1.053212509224290994e+00 9.990540419954299090e-01 1.019934350113521182e+00 1.003096676413860910e+00
-1.985139439759251445e+00 9.943692937158969958e-01 9.934988955397585642e-01 1.000573197971111661e+00 9.997141622656551263e-01 1.053202223201228804e+00 9.990674362172968781e-01 1.019873661251678998e+00 1.003151639655429417e+00
-1.982952395398942969e+00 9.944283011351320312e-01 9.935740715743106577e-01 1.000466795646752338e+00 9.996990601374553531e-01 1.053188123732531567e+00 9.990556342403910106e-01 1.019860064856919379e+00 1.003094136743581499e+00
-1.980170809581110802e+00 9.942753642195834018e-01 9.935766674976251878e-01 1.000490061742770553e+00 9.996456437975599352e-01 1.053066510100403752e+00 9.990180877762657730e-01 1.020004243163317614e+00 1.003121044945926688e+00
-1.977219961946481419e+00 9.943873665890222702e-01 9.935784948182260212e-01 1.000559135588711790e+00 9.997702388961213771e-01 1.052994585774929881e+00 9.991101549222456413e-01 1.020093164325856394e+00 1.003116038492068096e+00
-1.973154606637852027e+00 9.944154478527419405e-01 9.936034707546248512e-01 1.000458803430052113e+00 9.996555686605481661e-01 1.052989256733053658e+00 9.990760186800318188e-01 1.019932290436436073e+00 1.003109462848954525e+00
-1.967678999912887861e+00 9.944708557169459340e-01 9.936283355811124096e-01 1.000563062108160040e+00 9.998480469899521106e-01 1.052853093298680154e+00 9.990828961734017355e-01 1.020073242888912102e+00 1.003017266559636411e+00
-1.959962750623763128e+00 9.943517552269106607e-01 9.934264964234338358e-01 1.000446236831046276e+00 9.997097674117308985e-01 1.052625584413683812e+00 9.990806713194029243e-01 1.020199889458691445e+00 1.003102411832442087e+00
-1.952251117407609371e+00 9.944601042150951198e-01 9.935855166672709071e-01 1.000438357519480626e+00 9.997581150124564831e-01 1.052570452950593261e+00 9.991267670345431728e-01 1.020068362886255242e+00 1.003088578214976767e+00
-1.941559228611357213e+00 9.944130353061206851e-01 9.936445775856024287e-01 1.000382177128962713e+00 9.996733448319262694e-01 1.052273699516012240e+00 9.991840442013000256e-01 1.020335441070996607e+00 1.003164943687790744e+00
-1.927375993397458132e+00 9.944079679177602049e-01 9.937029255646426806e-01 1.000403189782517632e+00 9.997366572169897880e-01 1.051996937650158115e+00 9.992088830072086703e-01 1.020406273865048341e+00 1.003147332146641757e+00
-1.909800592383898987e+00 9.944396297561378661e-01 9.937082720460469476e-01 1.000331372821652298e+00 9.997439854904109913e-01 1.051602892418827206e+00 9.992291211604960033e-01 1.020602903255958704e+00 1.003137311204016058e+00
-1.887937305232899377e+00 9.944020171287912824e-01 9.937702094614604409e-01 1.000309909534220498e+00 9.997580297289503370e-01 1.051089219351321713e+00 9.992863297800490541e-01 1.020882444917017073e+00 1.003130005711538209e+00
-1.858281194206899301e+00 9.943498947090373408e-01 9.938274176536137094e-01 1.000205750364531188e+00 9.997296110343655284e-01 1.050366366596749534e+00 9.993451100633736761e-01 1.021280132592577994e+00 1.003113628824002124e+00
-1.821374765792345585e+00 9.942434057860406460e-01 9.938464696607095528e-01 1.000154321755635678e+00 9.997211742921188193e-01 1.049409450646672237e+00 9.994892856215368271e-01 1.021804030480990333e+00 1.003188105562714760e+00
-1.770228838468245414e+00 9.941949743410155582e-01 9.939273732048214960e-01 9.998839518350518540e-01 9.997384871173824461e-01 1.047912130196772873e+00 9.996815749092891057e-01 1.022818056351401772e+00 1.003160251895110378e+00
-1.583168024050710443e+00 9.924920934519241289e-01 9.950444014130659376e-01 9.976013092946776073e-01 9.993585457583038512e-01 1.028534472908547492e+00 1.002643508740776124e+00 1.039211063732292217e+00 1.003924215024948552e+00
-1.494900637508635555e+00 9.928471480325580245e-01 9.951620934265250629e-01 9.975585815769254516e-01 9.992898468689643821e-01 1.025351905678637987e+00 1.002844165024791234e+00 1.038225112472425549e+00 1.003931825818986656e+00
-1.397806650313690113e+00 9.932307456552394997e-01 9.955647195283284789e-01 9.977203813273546329e-01 9.993623488712639613e-01 1.023103940048017968e+00 1.002871346845954248e+00 1.036292180080282677e+00 1.003704740022887565e+00
-1.292418435438751345e+00 9.937108763115927168e-01 9.957740054144186281e-01 9.978740830547023766e-01 9.994063754741260297e-01 1.020991337189690817e+00 1.002769775273432362e+00 1.033940406182950911e+00 1.003503845625483892e+00
-1.177981651323083412e+00 9.941897321842576574e-01 9.960742109488596174e-01 9.979453024052722387e-01 9.994605987206880426e-01 1.019024457095354386e+00 1.002673196735566874e+00 1.031154535469373190e+00 1.003282213047981264e+00
-1.056686442198010667e+00 9.948359641224133743e-01 9.963193865903815505e-01 9.981787691980990029e-01 9.995125961470898712e-01 1.017064822708480865e+00 1.002518810763959101e+00 1.028137817583888669e+00 1.002983048229365348e+00
-9.331651168115158157e-01 9.953822664956377686e-01 9.966227938011489318e-01 9.983112412211656572e-01 9.994990842914011075e-01 1.015169936673100182e+00 1.002276271835483623e+00 1.024952266114243837e+00 1.002737843794024197e+00
-8.101942123420684538e-01 9.959732396562572809e-01 9.969881726750808859e-01 9.984927412829416316e-01 9.995928784116561161e-01 1.013297503417312617e+00 1.002141263834944507e+00 1.021750667115478794e+00 1.002445687560498566e+00
-6.936499954862860307e-01 9.965865331204831756e-01 9.972438654056212659e-01 9.987103400499165451e-01 9.996865141339963401e-01 1.011464893992030989e+00 1.001755041350407716e+00 1.018734189479734598e+00 1.002163603906157441e+00
-5.828247943917794771e-01 9.970754632726566147e-01 9.976541488578217765e-01 9.988207205210890560e-01 9.996794043216881143e-01 1.009846008657622196e+00 1.001578877183297855e+00 1.015730679341011022e+00 1.001820772229150780e+00
-4.843015392070704195e-01 9.975552825731105466e-01 9.979298999634325096e-01 9.990835266016868665e-01 9.997653425533729044e-01 1.008272290283134698e+00 1.001402954956439384e+00 1.013108330375148025e+00 1.001540703133373178e+00
-3.989531769709628861e-01 9.980117220332502814e-01 9.982929747817848032e-01 9.992356296349940159e-01 9.998225258648856251e-01 1.006928278941076949e+00 1.001192544836911669e+00 1.010811867151577337e+00 1.001324692890654067e+00
-3.261329940498676194e-01 9.983350939123092349e-01 9.985262324447121696e-01 9.993092445211342323e-01 9.997877466836305738e-01 1.005741599793076091e+00 1.000994406345979693e+00 1.008827791220880510e+00 1.001079498810826474e+00
-2.628316311365921365e-01 9.986857148034024023e-01 9.988210532713971412e-01 9.994395411029359799e-01 9.999136940867687784e-01 1.004659539241175015e+00 1.000783990271250534e+00 1.007152917468541187e+00 1.000866035494301975e+00
-2.128461504444665309e-01 9.989082741197787829e-01 9.990199935534547215e-01 9.995576326517243704e-01 9.998513372091061280e-01 1.003850319065726859e+00 1.000615505251902571e+00 1.005764064737558083e+00 1.000721293791202005e+00
-1.698268444575461444e-01 9.990851369563268358e-01 9.991900701982192601e-01 9.996525511413278942e-01 9.999285375652038343e-01 1.003087003967729984e+00 1.000578242339890345e+00 1.004591502973584127e+00 1.000568025208372624e+00
-1.355428298992009672e-01 9.992858096054378914e-01 9.993904965212279112e-01 9.997240639498465864e-01 9.999122565234905835e-01 1.002449665652622723e+00 1.000442044020044996e+00 1.003699321447093951e+00 1.000459043333770115e+00
-1.081694549696869956e-01 9.994260270904643528e-01 9.994509522566439319e-01 9.997513283706404019e-01 9.999846654240180932e-01 1.001965599602157031e+00 1.000359186808824852e+00 1.002938689564418118e+00 1.000386110538924900e+00
-8.621853896507047921e-02 9.996117360972650578e-01 9.995642687413928140e-01 9.998292597938083226e-01 9.999695723780777090e-01 1.001569446125535334e+00 1.000280802372667699e+00 1.002363992420888028e+00 1.000296283060098324e+00
-6.857091495936629144e-02 9.996393019262126423e-01 9.996822424005424867e-01 9.998829715626084136e-01 9.999932031408367283e-01 1.001247584122830325e+00 1.000277026228176824e+00 1.001875111470174939e+00 1.000239300101217976e+00
-5.513344800955977121e-02 9.997044697750963049e-01 9.997410141480234103e-01 9.998989197850507438e-01 9.999876682065921285e-01 1.001034880471802779e+00 1.000175291202631822e+00 1.001490981188530860e+00 1.000198562458623819e+00
-4.241882371043814715e-02 9.997855677003585351e-01 9.997934784643889294e-01 9.999309737857313696e-01 9.999526525409669908e-01 1.000777027923323903e+00 1.000143346718869397e+00 1.001163028691359536e+00 1.000144912531750085e+00
-3.396385355198816569e-02 9.998382656404942725e-01 9.998525532772883917e-01 9.999041500902208224e-01 9.999815107632143985e-01 1.000639189804686247e+00 1.000119999377321767e+00 1.000919946335652178e+00 1.000134805780443781e+00
-2.681318819002598275e-02 9.998781111666028565e-01 9.998541294192434536e-01 9.999619358701823391e-01 1.000006749976980913e+00 1.000488849804940461e+00 1.000090977806664228e+00 1.000737633353467437e+00 1.000103295515086366e+00
-2.149579275849688997e-02 9.998889285548384631e-01 9.999128168005875228e-01 9.999602920895042102e-01 9.999800386452305512e-01 1.000401203372799808e+00 1.000055577491035796e+00 1.000590870690396095e+00 1.000069220498882583e+00
-1.715012364659074251e-02 9.999128206921732431e-01 9.999133772147636989e-01 9.999595177292446291e-01 9.999971621994172555e-01 1.000322408125032814e+00 1.000052750119918343e+00 1.000462794141335099e+00 1.000078517357379182e+00
1.684124937601794159e-02 1.000095181342751660e+00 1.000077037401442936e+00 1.000047834234058186e+00 1.000010514870035783e+00 9.996835716353790202e-01 9.999546208029668204e-01 9.995415945969731153e-01 9.999397508309717519e-01
2.099300261528824763e-02 1.000099431543059580e+00 1.000103763549582636e+00 1.000035131314717773e+00 1.000018470339546717e+00 9.995966371748228330e-01 9.999257127009382184e-01 9.994337976137752655e-01 9.999150848119542356e-01
2.613297628471045186e-02 1.000122565390757057e+00 1.000123310959031286e+00 1.000051241276093350e+00 1.000007462376808487e+00 9.995012659176039094e-01 9.998928544726435330e-01 9.992949376613540213e-01 9.998799330044610967e-01
3.368865001855425589e-02 1.000172051470541890e+00 1.000182809791589467e+00 1.000080886268140290e+00 1.000035830737040499e+00 9.993510328548540489e-01 9.998878232185904880e-01 9.990969253131558592e-01 9.998697057566757751e-01
4.213572821791800038e-02 1.000218209422472748e+00 1.000218951205125384e+00 1.000109935465123723e+00 1.000005161275248078e+00 9.992017482867027178e-01 9.998736175162686868e-01 9.988554777814604435e-01 9.998474934404274483e-01
5.206743085350495903e-02 1.000265440482083878e+00 1.000279706707308813e+00 1.000086990695353562e+00 1.000037779875057709e+00 9.990169343738179997e-01 9.998627053271893494e-01 9.985758309218992768e-01 9.998205497668725128e-01
6.729526872582169972e-02 1.000367476307380210e+00 1.000360916322426741e+00 1.000140583640273473e+00 1.000033234360662160e+00 9.987652124769367257e-01 9.998002433482718887e-01 9.981428256593486426e-01 9.997460882068009980e-01
8.297513708158987811e-02 1.000410752697258321e+00 1.000439852595523149e+00 1.000189611393996536e+00 9.999984944237554352e-01 9.984200824993020307e-01 9.997262625079659237e-01 9.977414599497296255e-01 9.996748177599238394e-01
1.015920707162933923e-01 1.000584228617937832e+00 1.000539511901096912e+00 1.000248573502680038e+00 1.000086769451234314e+00 9.980649374732070145e-01 9.996465994943214417e-01 9.972495038656989941e-01 9.996022279453367076e-01
1.274196762347195033e-01 1.000643745831990339e+00 1.000666985644037110e+00 1.000251469420808670e+00 1.000047056135311196e+00 9.975416978836432191e-01 9.995675329283866262e-01 9.965321207512515267e-01 9.995112094678297865e-01
1.589453683979691334e-01 1.000826951959159716e+00 1.000886870790886229e+00 1.000375635242813477e+00 1.000149590313104353e+00 9.969797280750574142e-01 9.994360064264549148e-01 9.956423605160173995e-01 9.994328334766969801e-01
1.939250721753538187e-01 1.001004779819747448e+00 1.001078107391748073e+00 1.000448486664319958e+00 1.000065435963368721e+00 9.962620863989971598e-01 9.993135681018394667e-01 9.946984219796246585e-01 9.992426108585394928e-01
2.357446546273784804e-01 1.001252280416562446e+00 1.001290117691955528e+00 1.000549288816354743e+00 1.000128463257930811e+00 9.953843835689559771e-01 9.991612736436010778e-01 9.935684893699344711e-01 9.991001225811213526e-01
2.865263706518881293e-01 1.001500064239909893e+00 1.001609411975890485e+00 1.000650883338191299e+00 1.000218028017798577e+00 9.943437406897657205e-01 9.990525459312773471e-01 9.921586195341469683e-01 9.988670474000165278e-01
3.451048807560930243e-01 1.001809265478892375e+00 1.002027368884340186e+00 1.000782601629256474e+00 1.000277634199383092e+00 9.930684381721053278e-01 9.987647971363260435e-01 9.905858183742628498e-01 9.986622970519747344e-01
4.103583354904500879e-01 1.002257470082885682e+00 1.002428362483416491e+00 1.000975937877200739e+00 1.000311873843075627e+00 9.917203169301769261e-01 9.985186254911060377e-01 9.887605848728711067e-01 9.983239161982855325e-01
4.831373461085952670e-01 1.002577578786329804e+00 1.003004953241295905e+00 1.001169170987276980e+00 1.000372184155780886e+00 9.901208882516978615e-01 9.982084056866367128e-01 9.867305794335069491e-01 9.980391672687446425e-01
5.656406917216649788e-01 1.003120318772556141e+00 1.003623381295073891e+00 1.001482190398833128e+00 1.000463923308257508e+00 9.882403024674272229e-01 9.978463734489575465e-01 9.844665121253459716e-01 9.976348434560241563e-01
6.525795467398189942e-01 1.003480243389936799e+00 1.004327418300373420e+00 1.001671486101578301e+00 1.000536427195976241e+00 9.862169703185834635e-01 9.974417385441103345e-01 9.819998636090747635e-01 9.971697113004351909e-01
7.446975501069488246e-01 1.004194575323207328e+00 1.005247123560523814e+00 1.002007931011387409e+00 1.000621742196877939e+00 9.840096149604981024e-01 9.969775928700312928e-01 9.794738182640392310e-01 9.966528761312634099e-01
8.407858160706460637e-01 1.004831237823674783e+00 1.006219627159779417e+00 1.002315004759285033e+00 1.000677176561225012e+00 9.816312442861463428e-01 9.964421160115748410e-01 9.767913302976802825e-01 9.960112344325290357e-01
9.381867049076966225e-01 1.005406577190648409e+00 1.007290320490400681e+00 1.002665914098779698e+00 1.000778993872558420e+00 9.792226522616974682e-01 9.959232586170746471e-01 9.739506104178705659e-01 9.954041405474363113e-01
1.037007407741725729e+00 1.006090301180370794e+00 1.008425294175430809e+00 1.003091863329622413e+00 1.000883657643684588e+00 9.766417248029207743e-01 9.953367573167340998e-01 9.710972980200349713e-01 9.947601133109067462e-01
1.134477969334575675e+00 1.006780846661484041e+00 1.009728161603728580e+00 1.003561409754805345e+00 1.000994161410144301e+00 9.741657488120761821e-01 9.945754067367721385e-01 9.681906450051506186e-01 9.940424899041340190e-01
1.229444539189088914e+00 1.007491483312624503e+00 1.011049370248032320e+00 1.003959180900119819e+00 1.001099908698364516e+00 9.716498039230534456e-01 9.939955571342341534e-01 9.653096496008687355e-01 9.932187522642661470e-01
1.318132655323349667e+00 1.008196650672379402e+00 1.012579592385565164e+00 1.004412291138249813e+00 1.001153255675003351e+00 9.692564876493698911e-01 9.931942158207747173e-01 9.626822972105635312e-01 9.924193741456880380e-01
1.403400652224135570e+00 1.008881963431185191e+00 1.014000718648143895e+00 1.004911076681037851e+00 1.001196288667040690e+00 9.669050140220151190e-01 9.924492330918454064e-01 9.600477826885409627e-01 9.916899787806253697e-01
1.483148460882546260e+00 1.009461642449379859e+00 1.015442771718061632e+00 1.005379621131186951e+00 1.001311132913681234e+00 9.647068068871617053e-01 9.918301680657610753e-01 9.575118181023030139e-01 9.908260737403197238e-01
1.556280128710316291e+00 1.010152829054891122e+00 1.017006079447013267e+00 1.005868151002457855e+00 1.001362210697844812e+00 9.628198346318305179e-01 9.909485492405410989e-01 9.551678393065859973e-01 9.900224872392218156e-01
1.622208049058052381e+00 1.010652922864915038e+00 1.018453142850176185e+00 1.006370555431804314e+00 1.001400702919704511e+00 9.609710601991225953e-01 9.902993294361905896e-01 9.530731457681502761e-01 9.892257064754578222e-01
1.680292351504892423e+00 1.011228221335812805e+00 1.019814774300150440e+00 1.006798881234838072e+00 1.001412784519653876e+00 9.594142040112653147e-01 9.896752321884701997e-01 9.511677841139501988e-01 9.885403325219241921e-01
1.732885346997093734e+00 1.011694471394607442e+00 1.021107324137348726e+00 1.007146228812243915e+00 1.001363989215031003e+00 9.579507323753138071e-01 9.891014938775970489e-01 9.494642370981538626e-01 9.878060096267993195e-01
1.777125943756054482e+00 1.012120933510247678e+00 1.022287782572515624e+00 1.007479750620229098e+00 1.001327050590912870e+00 9.568528850563372545e-01 9.885680209432559096e-01 9.479438830928910154e-01 9.871888589859830754e-01
1.816396908515258701e+00 1.012421774692872756e+00 1.023302567883765946e+00 1.007874866546663917e+00 1.001309576860693440e+00 9.558058127175994567e-01 9.880445377777202776e-01 9.466034565155390101e-01 9.866971605281351643e-01
1.848613867867896943e+00 1.012738935181035416e+00 1.024192480059280985e+00 1.008159127635123831e+00 1.001358578444123681e+00 9.549130397277110216e-01 9.877060654295464204e-01 9.455449030824034651e-01 9.862211075282663053e-01
1.875865133761415393e+00 1.013130820659550402e+00 1.024934269838952527e+00 1.008324019869109467e+00 1.001330161050049128e+00 9.541551514404322809e-01 9.873502237614372179e-01 9.447041505933370109e-01 9.856589970791111988e-01
1.898387892793728327e+00 1.013188424609141602e+00 1.025665750121748987e+00 1.008589434074790736e+00 1.001318829986272085e+00 9.535638182926826634e-01 9.870455732140746008e-01 9.439320088868407010e-01 9.853956677851147816e-01
1.916591174449980173e+00 1.013494960573962711e+00 1.026190404871086148e+00 1.008720045524588382e+00 1.001238204704614665e+00 9.530788766683193636e-01 9.867474594565506241e-01 9.433103666019362343e-01 9.852799389848390099e-01
1.931594191090155732e+00 1.013515849034854810e+00 1.026593649748188453e+00 1.008861424433929121e+00 1.001290226133254579e+00 9.527289539880101632e-01 9.866468345816294949e-01 9.427229547054734038e-01 9.849355311048223482e-01
1.943951174114769032e+00 1.013671695457493804e+00 1.027083567938663844e+00 1.009065330967701790e+00 1.001192994882601273e+00 9.523623077808511805e-01 9.864949975645616043e-01 9.424089869068916769e-01 9.847477802004866998e-01
1.953784803613253018e+00 1.013721986636596295e+00 1.027272242658028745e+00 1.009077966493896472e+00 1.001204792223350681e+00 9.521730531126311181e-01 9.863719557941548199e-01 9.419423915714206785e-01 9.845891159725459474e-01
1.961530933671703281e+00 1.013818607004261629e+00 1.027429642681428446e+00 1.009314270450634821e+00 1.001220503549288265e+00 9.520109048035059196e-01 9.860786014418062573e-01 9.416822313815297329e-01 9.844704887534907467e-01
1.968110455138212700e+00 1.013870349273814142e+00 1.027833687495104620e+00 1.009289080448624087e+00 1.001140852362371048e+00 9.518071878269402930e-01 9.861066317193771802e-01 9.415087950008697026e-01 9.844596595205533651e-01
1.973206050666252764e+00 1.013936298157515292e+00 1.027981657047791764e+00 1.009301185822741864e+00 1.001131748133384347e+00 9.516061490994718319e-01 9.860212944050037454e-01 9.414138953749304761e-01 9.842830468089265317e-01
1.977147678711610013e+00 1.013972866225950398e+00 1.028013529738120768e+00 1.009354456319417892e+00 1.001158960865010883e+00 9.515202982688175659e-01 9.859475458201056863e-01 9.412026397460684368e-01 9.843213506856838269e-01
1.980495150630147805e+00 1.013949030534989415e+00 1.028252970635617158e+00 1.009393827179819070e+00 1.001112910077646134e+00 9.515064909689353589e-01 9.859941535305745131e-01 9.410834830978925813e-01 9.841704907483868059e-01
1.983063759803886938e+00 1.013981801111307313e+00 1.028211201525798257e+00 1.009415430067292174e+00 1.001171985444866852e+00 9.514893359456813027e-01 9.859031466418006762e-01 9.409168132850118660e-01 9.841125155454597540e-01
1.985053855450381377e+00 1.014032080805967961e+00 1.028340438695321879e+00 1.009404280881105898e+00 1.001103747771673103e+00 9.514723449741153694e-01 9.858728784814387858e-01 9.408174653889218586e-01 9.842172399730233501e-01
1.986815130226482040e+00 1.014064131068487917e+00 1.028376700095401830e+00 1.009390125818623307e+00 1.001114285469491216e+00 9.513252493127388743e-01 9.858061705431908628e-01 9.408420330981497326e-01 9.841840388074533097e-01
1.987995365707813988e+00 1.014109530620847410e+00 1.028499984717786919e+00 1.009339217583285819e+00 1.001148938697408397e+00 9.513511408640259459e-01 9.859245191407374209e-01 9.407795267185794508e-01 9.841040162577789907e-01
