# rg exvol locexvol bias torsionterm hbmm hbms hydrophobicity chargedscinteraction
1.597438727814354564e+01 9.980170658363602954e-01 1.002790260589976334e+00 9.997801946856993416e-01 1.000496829080391947e+00 9.751027437297234979e-01 1.003352664543512018e+00 1.012232485563339335e+00 1.001395178490072979e+00
1.597449353920813309e+01 9.980345906088682328e-01 1.002806939266936759e+00 9.997900938580653873e-01 1.000491373155578234e+00 9.750995368569355115e-01 1.003384862210320527e+00 1.012212455633215491e+00 1.001391550890072146e+00
1.597455039893539208e+01 9.980503672610163690e-01 1.002786168987544357e+00 9.998040538045795955e-01 1.000495583171717717e+00 9.751109849478269975e-01 1.003441283183613475e+00 1.012224833723038175e+00 1.001395799522339480e+00
1.597486800854358435e+01 9.979590773611455301e-01 1.002752560308367791e+00 9.997578794460498797e-01 1.000484448768512280e+00 9.751159087117737823e-01 1.003422310029367992e+00 1.012221903045567029e+00 1.001374957928771181e+00
1.597525173841109059e+01 9.979372194595987899e-01 1.002834165398693855e+00 9.998154129341462193e-01 1.000485406037453284e+00 9.751180731165667304e-01 1.003416106058146351e+00 1.012185669100839513e+00 1.001417434724111821e+00
1.597548474797637397e+01 9.979361946764319091e-01 1.002843960937718437e+00 9.997641868486620842e-01 1.000477695629248043e+00 9.751360446193133580e-01 1.003428711484494418e+00 1.012204803864184655e+00 1.001430088158843379e+00
1.597582628960993922e+01 9.980334356323004030e-01 1.002779391261235720e+00 9.997832107733766183e-01 1.000503125831908147e+00 9.751146197261731929e-01 1.003413513656890466e+00 1.012183456234722279e+00 1.001414205349324238e+00
1.597650141444871075e+01 9.979989974744720715e-01 1.002822807667114180e+00 9.998085728751473500e-01 1.000497071785638958e+00 9.751333185427770722e-01 1.003312652677753380e+00 1.012197744070904015e+00 1.001492123902814058e+00
1.597718925001636414e+01 9.979579064181052228e-01 1.002830136392508065e+00 9.998267228351268576e-01 1.000519960142523423e+00 9.751626216469955200e-01 1.003381936738187097e+00 1.012215559019358224e+00 1.001367108983905130e+00
1.597804917444997130e+01 9.979846836967827262e-01 1.002840292543617284e+00 9.997922971589444652e-01 1.000519772897551674e+00 9.751387169992226100e-01 1.003330653186413457e+00 1.012143034385247997e+00 1.001402030374960006e+00
1.597896679742408388e+01 9.979701994023777445e-01 1.002802171019727240e+00 9.998345053362497348e-01 1.000488216599568991e+00 9.752343028512351353e-01 1.003377715348428012e+00 1.012286693705078733e+00 1.001482672122421036e+00
1.598065172750327534e+01 9.979345817500291371e-01 1.002849471592025310e+00 9.997636237024791761e-01 1.000460754410162467e+00 9.752708949576521791e-01 1.003385536657043664e+00 1.012269368192906249e+00 1.001514884682999984e+00
1.598227779013211602e+01 9.979565001429350213e-01 1.002912056157010401e+00 9.997022490620059987e-01 1.000420537648527564e+00 9.752192215848550783e-01 1.003334203590978690e+00 1.012111654836503893e+00 1.001423217852369429e+00
1.598466822811452914e+01 9.979603879836070890e-01 1.002762964651171984e+00 9.998204530273094859e-01 1.000497411148844495e+00 9.752797033389436487e-01 1.003389232411532994e+00 1.012151591473768875e+00 1.001462193719364624e+00
1.598731651232608186e+01 9.979908114513709183e-01 1.002809459462455255e+00 9.998112138759680523e-01 1.000539734330051500e+00 9.753085440512796467e-01 1.003324511532667218e+00 1.012113605472334754e+00 1.001451175247668690e+00
1.599063696709326088e+01 9.981126141869600676e-01 1.002838992754255809e+00 9.997592175405709547e-01 1.000487107187150393e+00 9.753016221920798312e-01 1.003420546884946418e+00 1.011959837011344288e+00 1.001378761315078414e+00
1.599502710522839521e+01 9.979947794115766602e-01 1.002750814468946317e+00 9.997945542949324693e-01 1.000489083130591261e+00 9.754306277002869896e-01 1.003354469016574990e+00 1.012066970321584325e+00 1.001352283752420691e+00
1.600074766898553591e+01 9.980227583187541995e-01 1.002806081730954091e+00 9.997880293232983551e-01 1.000478851703880068e+00 9.755224929898944630e-01 1.003324304782921894e+00 1.012016211930605092e+00 1.001399899554141326e+00
1.600757958368521372e+01 9.980212349628896362e-01 1.002756459010858636e+00 9.997036669479547610e-01 1.000552501400881145e+00 9.756099519032038758e-01 1.003294665175093581e+00 1.011934042618764629e+00 1.001378769060522256e+00
1.601565758452432675e+01 9.980373094502279496e-01 1.002755852593058883e+00 9.997409441097477867e-01 1.000537135077063766e+00 9.757301430126539277e-01 1.003293544532210202e+00 1.011861347336626693e+00 1.001331822366695601e+00
1.602659362520079256e+01 9.980235267933739163e-01 1.002725471842996985e+00 9.998062038421798858e-01 1.000487471590400190e+00 9.759027581978521049e-01 1.003274946145162660e+00 1.011776042533096165e+00 1.001405100509809909e+00
1.603906628378194910e+01 9.979938526095277762e-01 1.002766894420683119e+00 9.997705831985719271e-01 1.000443360906363655e+00 9.761217998369120519e-01 1.003329828718463101e+00 1.011699480515352967e+00 1.001339933809924476e+00
1.605489358458521920e+01 9.980428069329292384e-01 1.002723421852501184e+00 9.997783068553149910e-01 1.000443940656110975e+00 9.763464531653454070e-01 1.003258040476658897e+00 1.011569016340382321e+00 1.001269953898399567e+00
1.607583703761277860e+01 9.981365132876738322e-01 1.002643278087281153e+00 9.997393349899503789e-01 1.000492301421218810e+00 9.766407677416253375e-01 1.003122280259710397e+00 1.011402538651532179e+00 1.001271726491720582e+00
1.609961718820916943e+01 9.981829855664710038e-01 1.002595705095909118e+00 9.997501217174618038e-01 1.000485321908868297e+00 9.770110961602289645e-01 1.003110692567691808e+00 1.011241734784139368e+00 1.001241649086643148e+00
1.612727903914191430e+01 9.982203618371197074e-01 1.002562892709877751e+00 9.997759186257786368e-01 1.000437110284003950e+00 9.774609411241362844e-01 1.003034626843351873e+00 1.011111454889390471e+00 1.001220470767230974e+00
1.616183977801085447e+01 9.982539050751448872e-01 1.002410177735498564e+00 9.997416844938926683e-01 1.000456020574420180e+00 9.779530227766791706e-01 1.002890787517658477e+00 1.010853208456271801e+00 1.001160107574540881e+00
1.620386556009541934e+01 9.982561760167822928e-01 1.002316612262189821e+00 9.997209548383017008e-01 1.000485892444582969e+00 9.785667818519943051e-01 1.002896870123204387e+00 1.010508923029278971e+00 1.001098447040979167e+00
1.625162315988551498e+01 9.983192657487747201e-01 1.002346932218078912e+00 9.997699543831349844e-01 1.000377069267858410e+00 9.792880597295601230e-01 1.002798283360092579e+00 1.010196152269130287e+00 1.001080264704924838e+00
1.630597395442844899e+01 9.984551930217911986e-01 1.002244099120609633e+00 9.996688044506913950e-01 1.000389657463246706e+00 9.800541186249326353e-01 1.002638252466457880e+00 1.009803265973176156e+00 1.001004446538577231e+00
1.637044932006465459e+01 9.985453477224719432e-01 1.002071535980196826e+00 9.997612771827987244e-01 1.000366612068076755e+00 9.810031214277210587e-01 1.002521694790213580e+00 1.009431465238405101e+00 1.000946923382240783e+00
1.644489673307278110e+01 9.987062347122618311e-01 1.002023911659341460e+00 9.997943243184999051e-01 1.000377118652311825e+00 9.820549164314027468e-01 1.002357217483935248e+00 1.008920998578806572e+00 1.000953374764748771e+00
1.652441422247410685e+01 9.986492140483357316e-01 1.001844273827717124e+00 9.997154174110458591e-01 1.000335423634750587e+00 9.832251614611596802e-01 1.002269022953860445e+00 1.008487979168372739e+00 1.000785082897732270e+00
1.661101623189134102e+01 9.986981905016845129e-01 1.001691011913408813e+00 9.997872221633919976e-01 1.000274177595465996e+00 9.844115344286030744e-01 1.002033553322291048e+00 1.007910343195769221e+00 1.000740001081566133e+00
1.670719076198964004e+01 9.988527922228433997e-01 1.001528155759370486e+00 9.997499233410027664e-01 1.000296025858298909e+00 9.857486544941764794e-01 1.001921105964086678e+00 1.007311056529254900e+00 1.000639475550194391e+00
1.681018236219676965e+01 9.989845267426915587e-01 1.001319380811068305e+00 9.997244325105552054e-01 1.000257181465116885e+00 9.871590642298456730e-01 1.001679237630455077e+00 1.006681300147880265e+00 1.000596504774406759e+00
1.691354795038367342e+01 9.990765679986901571e-01 1.001256053513148725e+00 9.997822783194282303e-01 1.000126959079776112e+00 9.885798793919509109e-01 1.001505201744758544e+00 1.006030923168496960e+00 1.000501645228146774e+00
1.701838569804758805e+01 9.992021482614596994e-01 1.000977828549782789e+00 9.998205063785975399e-01 1.000161002399738042e+00 9.899771103129937355e-01 1.001327049422818138e+00 1.005329071082217585e+00 1.000437734140115165e+00
1.712114791174791861e+01 9.992635375599210334e-01 1.000863649204978501e+00 9.998512216584422019e-01 1.000099229787922983e+00 9.913849695566563369e-01 1.001163236276165325e+00 1.004667341649679413e+00 1.000361641502945043e+00
1.721680197868374407e+01 9.994962848644354247e-01 1.000778102474737974e+00 9.998501943091644417e-01 1.000122305198566153e+00 9.926611254879345037e-01 1.001029155674049598e+00 1.003987451916753981e+00 1.000278182802361471e+00
1.730523271904297644e+01 9.994889739956659414e-01 1.000604169146516398e+00 9.998862852739207607e-01 1.000078714507737665e+00 9.938689992827207664e-01 1.000776406442089428e+00 1.003406292534847699e+00 1.000229708801225303e+00
1.738167191147362445e+01 9.996030113056368904e-01 1.000486331715089605e+00 9.998934589264902861e-01 1.000095077805748467e+00 9.948895038315269668e-01 1.000607934835893609e+00 1.002836412872678107e+00 1.000199855648316483e+00
1.745002262218599043e+01 9.996542711153360017e-01 1.000425576258349825e+00 9.999156498437634655e-01 1.000091155307757385e+00 9.958443369971357040e-01 1.000498797567709541e+00 1.002358356948434448e+00 1.000184676557269281e+00
1.750681321942395385e+01 9.997510110447742626e-01 1.000328921246413927e+00 9.999289797484214315e-01 1.000088988138422508e+00 9.966049675070772773e-01 1.000443758773883030e+00 1.001895786771564323e+00 1.000147796645640019e+00
1.755312781002792377e+01 9.997677164334834998e-01 1.000236877210678443e+00 9.999288032672590809e-01 1.000026576475484319e+00 9.972528398084846701e-01 1.000367616617068522e+00 1.001555858500870366e+00 1.000130770922523116e+00
1.759410910513416937e+01 9.998222363937309121e-01 1.000199669853482298e+00 9.999612544434857142e-01 1.000029429955157312e+00 9.978291058969173122e-01 1.000271406782241357e+00 1.001256662393535724e+00 1.000080021871206259e+00
1.762277441407625034e+01 9.998661082079726148e-01 1.000168922514898862e+00 9.999487324353353301e-01 1.000047587713468689e+00 9.982225694091158008e-01 1.000207367658356938e+00 1.001022585060855619e+00 1.000057440039600953e+00
1.764869233304492013e+01 9.998666540485842136e-01 1.000130626052690985e+00 9.999942735050622034e-01 1.000042090684011509e+00 9.985874490364171630e-01 1.000189386274414449e+00 1.000810498338647658e+00 1.000061819899803250e+00
1.766970107100081933e+01 9.999254685353065053e-01 1.000110181375655660e+00 9.999613336775108330e-01 1.000003449623019680e+00 9.988826022836568841e-01 1.000161614785064490e+00 1.000643774884993231e+00 1.000047228642779729e+00
1.768509827418906255e+01 9.999503068164155017e-01 1.000111442391871108e+00 9.999864228542847400e-01 1.000033855135599392e+00 9.991068478998061941e-01 1.000103387646666731e+00 1.000538181158006523e+00 1.000010279905709343e+00
1.780894150685842803e+01 1.000091926508408058e+00 9.999006645013910344e-01 1.000023782724066335e+00 9.999861647825608602e-01 1.000852325982515501e+00 9.999000892656869643e-01 9.994782824271091215e-01 9.999656020957238267e-01
1.782385129611649432e+01 1.000092735835723445e+00 9.999193185065133882e-01 1.000034576705147948e+00 9.999768227208950533e-01 1.001097691009276591e+00 9.998769712896624640e-01 9.993932363387387774e-01 9.999566305301801350e-01
1.784135943108964284e+01 1.000108066983861344e+00 9.998660516800730313e-01 1.000027943438890343e+00 9.999771830869349509e-01 1.001321071370817606e+00 9.998337042009872722e-01 9.991982791514713025e-01 9.999331841249674557e-01
1.786481811653597873e+01 1.000126703471293066e+00 9.998323752733848657e-01 1.000028726570279414e+00 9.999683514920038041e-01 1.001671944293885286e+00 9.998034289536787966e-01 9.990070780039218556e-01 9.999248883047615610e-01
1.789084165276242544e+01 1.000161937574662208e+00 9.998178338450460778e-01 1.000050702088927324e+00 9.999582604678007858e-01 1.002042054950722072e+00 9.997548890623906281e-01 9.987615356163233038e-01 9.998830951137689382e-01
1.792121519332845736e+01 1.000221945522822953e+00 9.997775528556134272e-01 1.000051459818104949e+00 9.999578022392792143e-01 1.002496663557918888e+00 9.996997297274126115e-01 9.985046696651853626e-01 9.999033844365843304e-01
1.796084506932232827e+01 1.000220390146174587e+00 9.997085791636401986e-01 1.000039098604582399e+00 9.999734355329652491e-01 1.003100540715925026e+00 9.996127853009173503e-01 9.981718926092838506e-01 9.998610242574459406e-01
1.800374398022240641e+01 1.000314610168134832e+00 9.996939780063847092e-01 1.000077922561130706e+00 9.999540507696287328e-01 1.003722488058623075e+00 9.995246273127248449e-01 9.977415640596074553e-01 9.998806585058137575e-01
1.805388482906516856e+01 1.000359992498874195e+00 9.995677878191391308e-01 1.000056276535692179e+00 9.999429344961258126e-01 1.004486971435234910e+00 9.994422895610467483e-01 9.972834415589592050e-01 9.997986832197854890e-01
1.811098003702876724e+01 1.000509869572881128e+00 9.994988095604123712e-01 1.000112518837558362e+00 9.999144653291793805e-01 1.005384620958094555e+00 9.993811638023967214e-01 9.967635810052064560e-01 9.997848734420260453e-01
1.816994304936789106e+01 1.000548477856510576e+00 9.993650055624951900e-01 1.000168697144009577e+00 9.998771166427956603e-01 1.006263436546679380e+00 9.992325546879514686e-01 9.961170766448905756e-01 9.997455905252017327e-01
1.823821759638578399e+01 1.000680611020270394e+00 9.992943422832352152e-01 1.000137592099580974e+00 9.998271119739996493e-01 1.007333971293932207e+00 9.990769024548552535e-01 9.953875140930023013e-01 9.997333760988829088e-01
1.831061126190815003e+01 1.000730384843930398e+00 9.992522478255997376e-01 1.000180844173145456e+00 9.998699860410259488e-01 1.008558076913747437e+00 9.990262149464814723e-01 9.946501237946185903e-01 9.996110144019754173e-01
1.838346039868230264e+01 1.000873250968584705e+00 9.991878631151649426e-01 1.000126766238112364e+00 9.997671826226623981e-01 1.009695429484559703e+00 9.988293954598421731e-01 9.937227618094390813e-01 9.994470590130295484e-01
1.845971011691421637e+01 1.000989786400820147e+00 9.990557574549354669e-01 1.000177154702798443e+00 9.997347612120452975e-01 1.011041073350668063e+00 9.987520749916741769e-01 9.928652251687675179e-01 9.994697482506511577e-01
1.853891682715400790e+01 1.001123986349397477e+00 9.989822760716924321e-01 1.000197702889690454e+00 9.997611801140136034e-01 1.012408294883447635e+00 9.986139221461913795e-01 9.918182742066541380e-01 9.993944054804400068e-01
1.861657036383715180e+01 1.001248841457212713e+00 9.988331299435386779e-01 1.000197390188901636e+00 9.996056802512054418e-01 1.013845219073248094e+00 9.985315366477849341e-01 9.908176389474190326e-01 9.993491307451564110e-01
1.869288576386247769e+01 1.001462445036754190e+00 9.987692761251025786e-01 1.000272928913499504e+00 9.997073420943203281e-01 1.015282355486527344e+00 9.983268733457821842e-01 9.897596390860532445e-01 9.992263864845178922e-01
1.876777899596475052e+01 1.001519345202121158e+00 9.986261819643260651e-01 1.000253676658062307e+00 9.996044762704413555e-01 1.016767513513665566e+00 9.982545022847595373e-01 9.886659507334814023e-01 9.991152041455314547e-01
1.884252137280387274e+01 1.001707746723049075e+00 9.984692198002428354e-01 1.000269943444919152e+00 9.995472067994999321e-01 1.018215222203874282e+00 9.981062669136681054e-01 9.874000273053515908e-01 9.990694959253341167e-01
1.891391942465202192e+01 1.001827075760018948e+00 9.984112598124351701e-01 1.000320829629731678e+00 9.994523563603652239e-01 1.019730986740055467e+00 9.980232285735108899e-01 9.862107770870317536e-01 9.989733662190343200e-01
1.897938559196979469e+01 1.001973371980552141e+00 9.982485855023192078e-01 1.000267784916538449e+00 9.995098999169700349e-01 1.021128294472776199e+00 9.980012916534466427e-01 9.849916903827957704e-01 9.989092398549614948e-01
1.904315752033932441e+01 1.002061600736180003e+00 9.981031790573355877e-01 1.000254222537660276e+00 9.993702815010945262e-01 1.022576133000095533e+00 9.979363410066882656e-01 9.837967227664727865e-01 9.988018946832073475e-01
1.910114878350357159e+01 1.002257603230145566e+00 9.980667609515541105e-01 1.000315549666783710e+00 9.992797218402735826e-01 1.023869431607824065e+00 9.978773085653878105e-01 9.825567564870867354e-01 9.986799270023616337e-01
1.915561199958678174e+01 1.002415061362980753e+00 9.978615762886343665e-01 1.000375386933075372e+00 9.990964915491197251e-01 1.025214842680639782e+00 9.978480698915377367e-01 9.814707835469771435e-01 9.985689701377233884e-01
1.920530408559004698e+01 1.002515021342068824e+00 9.978320144028710592e-01 1.000310449977787952e+00 9.991258229813525515e-01 1.026391998826707397e+00 9.977982596584468178e-01 9.802750150224768255e-01 9.984832267977509224e-01
1.925068118660691852e+01 1.002600936716806501e+00 9.976898796814195336e-01 1.000252626488889351e+00 9.990623064190725655e-01 1.027515668194981746e+00 9.977895477870968310e-01 9.791686104434326188e-01 9.984152231354187501e-01
1.929177709137537988e+01 1.002695551678859598e+00 9.975303882773746134e-01 1.000258897846011852e+00 9.989963258501912691e-01 1.028553997799499076e+00 9.978158454944502376e-01 9.781200388383494149e-01 9.983362230114660729e-01
1.932833042410563351e+01 1.002885987528203238e+00 9.975438406614882680e-01 1.000329611590447865e+00 9.989607030448950376e-01 1.029512285601891897e+00 9.978652588910412735e-01 9.771583179078024983e-01 9.982986761819061527e-01
1.935981133895537809e+01 1.002923509902860166e+00 9.973160128724170015e-01 1.000238969003703904e+00 9.989253013793062408e-01 1.030379363443882479e+00 9.978193258440644087e-01 9.763544888454434023e-01 9.982100033262708560e-01
1.938770300576944550e+01 1.003001700361708881e+00 9.973148921775822906e-01 1.000227330923172175e+00 9.988599225344008126e-01 1.031077413434396073e+00 9.978373156725168780e-01 9.754937211388428064e-01 9.981115721027991050e-01
1.941115872784632046e+01 1.003111382557990483e+00 9.972091225276726867e-01 1.000243752258918928e+00 9.987474510119270787e-01 1.031742863617500339e+00 9.978534628015047758e-01 9.748514538407263563e-01 9.981332615119540286e-01
1.943060080018075908e+01 1.003117075084087872e+00 9.972450650835809061e-01 1.000239062604711071e+00 9.987238741457433733e-01 1.032288765059284685e+00 9.977938367477300341e-01 9.742699552257654272e-01 9.981344132783147582e-01
1.944820111908587990e+01 1.003160556288112293e+00 9.971008584816266618e-01 1.000257730044471050e+00 9.987019707143476310e-01 1.032809176399149820e+00 9.979027435432885618e-01 9.737778470329183644e-01 9.980350893141807234e-01
1.946272797833764301e+01 1.003128569507310885e+00 9.971347119098776801e-01 1.000231266308224898e+00 9.986931992306626871e-01 1.033268652992498371e+00 9.978977869773020259e-01 9.733875585137654607e-01 9.978250575845571957e-01
1.947419323669808477e+01 1.003265881177907604e+00 9.970467119066017680e-01 1.000246912676658440e+00 9.986487129238734717e-01 1.033529838009956459e+00 9.979695886377877301e-01 9.729487587341487664e-01 9.979978196292463855e-01
1.948388385196882311e+01 1.003266720330066697e+00 9.970089646351781854e-01 1.000244517638136266e+00 9.985880509388023185e-01 1.033840382559853222e+00 9.979755963613934355e-01 9.726826936808776747e-01 9.979867361432738226e-01
1.949156559666263888e+01 1.003266402607038810e+00 9.969688197553538966e-01 1.000270329804876068e+00 9.986253687450894478e-01 1.034017291425713747e+00 9.979690316304854480e-01 9.723847815310521225e-01 9.979202931186857972e-01
1.949813626832768065e+01 1.003318304620737678e+00 9.968858663414936760e-01 1.000258248659998905e+00 9.986076054809429614e-01 1.034198112478146303e+00 9.980199881221378799e-01 9.721700082028774670e-01 9.979109557732519509e-01
1.950323360343123724e+01 1.003354904100706602e+00 9.969130235709162680e-01 1.000222813591802318e+00 9.985856937642352271e-01 1.034370061279009656e+00 9.980199668630056475e-01 9.720401832221432503e-01 9.978096344786258065e-01
1.950735035087838298e+01 1.003358924958240195e+00 9.969171552806436187e-01 1.000225605039285037e+00 9.985496596013451187e-01 1.034495384712390553e+00 9.979793008849336955e-01 9.719053176673304595e-01 9.979314337785782918e-01
1.951073247820689716e+01 1.003314913014368592e+00 9.968508531822853902e-01 1.000256167080724845e+00 9.985524635135452076e-01 1.034614480130277236e+00 9.980584084426019631e-01 9.718151170686575302e-01 9.979134571373120544e-01
1.951344984701765739e+01 1.003400270914594383e+00 9.968523024189018811e-01 1.000181575476986717e+00 9.985754560870785390e-01 1.034619371064890103e+00 9.979997520129088029e-01 9.716464509327427113e-01 9.978955239895630491e-01
1.951549913544808490e+01 1.003390497026719785e+00 9.969141483644963220e-01 1.000203792068658393e+00 9.985893214819321351e-01 1.034850703108529002e+00 9.979942038075164668e-01 9.717795123434802562e-01 9.978856632315408204e-01
1.951715520961940697e+01 1.003331901928874004e+00 9.968508619149654137e-01 1.000259666213314080e+00 9.985434752413717696e-01 1.034762701911271288e+00 9.980136010567172145e-01 9.715599546218034455e-01 9.978627174804999278e-01
1.951839549539530694e+01 1.003423948474082561e+00 9.968626225760623960e-01 1.000201288091968621e+00 9.985694171773127348e-01 1.034883425714017591e+00 9.980205283106240444e-01 9.716238911746742923e-01 9.979247500347433464e-01
1.951948653792877764e+01 1.003389021764581779e+00 9.968562303318894147e-01 1.000193859750508896e+00 9.985479606189655577e-01 1.034841807856525797e+00 9.979754532873368333e-01 9.715041745792367678e-01 9.978390553491047754e-01
1.952033051235759231e+01 1.003407660638058196e+00 9.967478699212954929e-01 1.000158757859567871e+00 9.985112989958140339e-01 1.034958251438454546e+00 9.980913949122280915e-01 9.715949630609261867e-01 9.978447667455458969e-01
1.952106128294224163e+01 1.003409864692246911e+00 9.968462256077519346e-01 1.000188412187912324e+00 9.985393545880243416e-01 1.035011335456765158e+00 9.979865364229028035e-01 9.716020973952966822e-01 9.978711214931017537e-01
1.952155270110031893e+01 1.003445229408607142e+00 9.968326477825375509e-01 1.000257912189402187e+00 9.985695235735924102e-01 1.035054493660173325e+00 9.979666010676219168e-01 9.716243660609477084e-01 9.978994293216831846e-01
