3.077799999999991201e+02 1.581672263406938228e+00 1.377541757492053875e+00 4.260204615536244965e-01 -1.893639247436929907e+00 -3.400142856092270449e+01 -7.707202831230235418e-01 -9.820744348777605381e+00 -1.322125088722395869e+00
3.125575990000022557e+02 1.227224799684544010e+00 7.752993221608335261e-01 4.878149158123012974e-01 -1.659038525039434830e+00 -2.654877568710571367e+01 -7.303265828075744537e-01 -8.684482803036267740e+00 -1.093483236987381257e+00
3.174093609999985119e+02 1.078597105678229084e+00 3.267213694794861567e-01 4.287265277996872292e-01 -1.065096947752337542e+00 -1.740558482906151383e+01 -1.014932055993689630e+00 -8.193039102720828026e+00 -1.047764940457414529e+00
3.223364339999981780e+02 8.725252602523667633e-01 -1.106421731072089187e-01 1.627067549290233117e-01 -1.151449872042604738e+00 -1.228263157038642461e+01 -7.759216301261817605e-01 -5.990872903982648268e+00 -7.431206849369100809e-01
3.273399899999977265e+02 6.105450772870639753e-01 -1.960936115931133372e-01 1.892110798501596136e-01 -9.992426007491914675e-01 -8.180068516758669972e+00 -8.375405701892759680e-01 -4.630616881900635917e+00 -5.646524609621459412e-01
3.324212149999985400e+02 4.628359227129399400e-01 -3.214737156940259410e-01 1.093812848974748952e-01 -8.666085723580465583e-01 -3.257177740733439464e+00 -6.670557815457431872e-01 -2.724497509660883665e+00 -2.721381707413255135e-01
3.375813139999988834e+02 8.594455835961412049e-03 -5.717838639588421756e-01 -6.966667724763464520e-02 -4.468484934936967079e-01 1.321047986987409217e-01 -2.392135859621467020e-01 -1.071314411869083827e+00 -6.378362815457272461e-02
3.428215130000016870e+02 -3.424700899053680914e-01 -1.036612516955841556e+00 -1.387486961750807879e-01 -4.778186165221214310e-01 4.590145426458995814e+00 -5.102984463722126662e-02 1.244239881506310041e+00 8.550376932176417810e-02
3.481430540000000633e+02 -1.926004779179804061e-01 -4.868708355677995314e-01 -1.702274438091468944e-01 -5.614793828866027070e-02 6.135558076301254715e+00 2.226891561514143802e-02 1.890637909897481705e+00 1.044031604889594789e-01
3.535472000000007711e+02 -5.553439700315454530e-01 -4.227413497635268413e-01 -2.017337592665611190e-01 2.322882005126025717e-01 9.114161899645097265e+00 4.935301025236782380e-02 3.873848780559935534e+00 4.555693907728706193e-01
3.590352330000014831e+02 -5.479913769716020511e-01 -2.858072835173572912e-01 -9.327028923501723412e-02 7.107865443611842693e-01 9.845538864944794355e+00 3.816368809148249497e-01 3.915652373619873394e+00 4.880432551261830731e-01
3.646084560000014676e+02 -7.534810110410097295e-01 -2.799546242112000982e-01 -2.604292703075699045e-01 1.040864607452665069e+00 1.225928789964510912e+01 6.533874929022100986e-01 4.871188345228697258e+00 7.350123813091498093e-01
3.702681909999986942e+02 -9.741842444794936995e-01 -3.194719396686025448e-01 -3.423752009069387370e-01 9.702693771687620483e-01 1.353538482393533293e+01 6.997101395899054666e-01 5.944733070780758410e+00 6.573830973974779113e-01
3.760157800000012571e+02 -8.729289763406908875e-01 1.788655902995515135e-01 -8.032428608044073215e-02 1.608898421332821016e+00 1.408877471667980608e+01 9.814196033123039342e-01 6.191923689077280635e+00 7.314869838328075247e-01
3.818525879999979793e+02 -9.027811782334378421e-01 6.048013947162473869e-01 -3.141318475946355271e-01 1.804131273067817176e+00 1.544427403844636437e+01 1.054009117507883175e+00 6.595578950906940463e+00 8.907281068612005193e-01
3.877799999999990064e+02 -7.002135599369134766e-01 7.682224798894594642e-01 -1.329535542192430420e-01 2.248652389787093142e+00 1.653043636021293139e+01 1.244955174290220068e+00 6.587764960370661171e+00 9.589380658517350220e-01
