2.730000000000000000e+02 1.966284245581384482e-02 2.186658201515285782e+00 -3.138365907196996041e-01 -1.826076722001275243e+00 -4.606884213159725050e+01 1.134966803819442482e+00 -1.319888987973463657e+00 -5.027276838383856195e-01
2.777176300000116953e+02 1.675719863951936617e-01 2.260407376262520529e+00 -1.429821447600998496e-01 -1.622661542203303497e+00 -4.157892404422335630e+01 8.327075472537961431e-01 -2.036194731407796610e+00 -5.188672308080799489e-01
2.825167849999954797e+02 1.956167788194385082e-01 1.955997855050839007e+00 -1.107965583964674039e-01 -1.398089808364886721e+00 -3.798898296442564515e+01 7.615285876578257174e-01 -1.902003594539166897e+00 -5.201542323232337672e-01
2.873988719999978798e+02 2.971812869002619095e-01 1.652832514646689788e+00 -5.697655183080918562e-02 -1.182482454829532514e+00 -3.197821543311235359e+01 5.114596932133927965e-01 -2.606654140498733341e+00 -5.200880828282783419e-01
2.923653250000099888e+02 4.089132439709555200e-01 1.406623020706746274e+00 6.103286837121091324e-02 -9.662570063446977997e-01 -2.597258253210215173e+01 2.982336836174104278e-01 -2.876254805145190829e+00 -4.706516808080789538e-01
2.974176010000009001e+02 4.586422434659045422e-01 8.570252217169809228e-01 1.337607628156582962e-01 -7.968719982638461374e-01 -1.791708479018309674e+01 -1.917002746216311948e-03 -3.203583728882602344e+00 -5.345927838383812691e-01
3.025571850000002883e+02 5.141086677083279710e-01 3.589301808082439038e-01 1.165250618055564402e-01 -5.639244169507477977e-01 -9.466220630587159235e+00 -2.326167451704481692e-01 -3.350809792518951724e+00 -4.724206419192022999e-01
3.077855840000057697e+02 5.547348889204570810e-01 -3.515413242420208917e-01 2.463399017045420081e-01 -1.678342346274845909e-01 1.260988759473491427e-02 -5.379267446654036888e-01 -3.472701502619987224e+00 -4.109702414141334081e-01
3.131043330000130140e+02 4.828863964962231137e-01 -7.742637540404473384e-01 2.625312027146460281e-01 3.060055779670989295e-02 7.934387204766302659e+00 -6.778997815340890298e-01 -2.736863607165396672e+00 -3.231925510101008037e-01
3.185149940000047195e+02 1.876387232638911939e-01 -1.065174644950019456e+00 1.385270017045447943e-01 2.663189951703728298e-01 1.515927937547351689e+01 -6.943489062815695334e-01 -1.439363755145205204e+00 -1.224985116161625420e-01
3.240191559999954620e+02 -9.416678380682075300e-02 -1.299926795454581452e+00 1.587670214015139969e-01 5.389329623421375004e-01 2.071188148254417172e+01 -6.644367860795261649e-01 2.535789928346048328e-01 1.584838727272752656e-01
3.296184330000079967e+02 -1.807202454229761557e-01 -1.427857714141765655e+00 6.850164261364044549e-02 8.439775517360885715e-01 2.606261396789767204e+01 -4.757969997159179343e-01 1.818956217077031923e+00 4.461774732323249282e-01
3.353144689999862749e+02 -4.627870913825740118e-01 -1.442238949999961051e+00 -6.278295132575273385e-02 1.302315488604776306e+00 3.042841824921084992e+01 -4.933717279987250848e-01 3.569738104450761895e+00 6.079636888888884094e-01
3.411089370000043459e+02 -7.239161550189425753e-01 -1.503341187373536059e+00 -8.452621344697197614e-02 1.551069715877567035e+00 3.401246954466540728e+01 -9.297545022097164491e-02 5.056880079703285347e+00 8.841195919191924268e-01
3.470035370000045987e+02 -8.333218050189463710e-01 -1.424811749495034974e+00 -1.783660988005060233e-01 1.785878402746220672e+00 3.735697307143309587e+01 6.614154977903474730e-02 6.507314183238632310e+00 1.032251980303029004e+00
3.530000000000000000e+02 -9.920449777462154728e-01 -1.389318251010081440e+00 -2.357183538510057019e-01 2.205104509311905048e+00 3.929221974264521577e+01 2.662522790719643595e-01 7.737851068592173753e+00 1.267167033333331805e+00
