2.730000000000000000e+02 9.172684196969598247e-01 5.588181130000066332e+00 -4.201667309090915126e-01 -3.837488635303017759e+00 -1.218140947228786217e+02 1.634632966212119953e+00 -6.331089200303027908e+00 -2.273152153181818846e+00
2.767177170000015849e+02 1.199513740909097237e+00 5.509571454242347954e+00 -1.192013854545450613e-01 -3.630994250454563144e+00 -1.158949252046969605e+02 1.654972654090910211e+00 -6.195684642727284697e+00 -1.872535519848486985e+00
2.804860620000001745e+02 1.439523628787888754e+00 4.686973675454396471e+00 3.246138727272374069e-02 -3.454463308030284452e+00 -1.077637883895455673e+02 1.147898478333317485e+00 -5.867448806363627867e+00 -2.073543941060600915e+00
2.843057240000011916e+02 1.210580186363650057e+00 4.372790523939329432e+00 -9.458935515151711826e-02 -3.101102817121173416e+00 -1.001803814198483735e+02 1.486276287424239229e+00 -4.870673312424239398e+00 -1.589319438030305065e+00
2.881774020000008818e+02 1.193005568181824572e+00 3.331110093636368674e+00 -1.821955036363629432e-01 -2.485835089848507096e+00 -8.458563345318196980e+01 1.094993166212120173e+00 -4.934285439696980191e+00 -1.726532256212117034e+00
2.921018049999987056e+02 8.071759772727240545e-01 2.359169933030671018e+00 -2.261971975757566256e-01 -2.652343614090881374e+00 -7.155612601984856269e+01 6.454335904545462910e-01 -3.644426721515150902e+00 -1.507216938030298437e+00
2.960796510000023432e+02 1.188438125757585340e+00 1.380449099697102611e+00 4.828242666666859861e-02 -1.821039177727328706e+00 -5.432064823803025888e+01 -1.767094519697032240e-01 -4.396137833636368342e+00 -1.994982583484844696e+00
3.001116670000008639e+02 1.260745965151507164e+00 3.069527390911730436e-01 1.247176478787848097e-01 -1.530788053484840816e+00 -3.436063729257577393e+01 -1.851566883333326530e-01 -4.913574273030301143e+00 -1.660767841060607708e+00
3.041985909999977480e+02 6.716155863636572576e-01 5.873247421212681729e-01 3.552430812121230019e-01 -9.347856898485247257e-01 -1.483284131984859755e+01 -6.208431883333318524e-01 -1.991213660909084027e+00 -9.825755077272688709e-01
3.083411709999974164e+02 4.658390287878795277e-01 -7.770017548484133840e-01 2.859204812121243222e-01 -4.994855534848170464e-01 7.794033837727212699e+00 -1.439719279242426708e+00 -1.130874448787883679e+00 -6.601349774242493140e-01
3.125401640000011412e+02 3.299336515152262450e-02 -2.343679012423933727e+00 2.358571993939388989e-01 -2.476038807575804412e-01 2.854762543166656030e+01 -8.369278125757499964e-01 5.203202996969729099e-01 -3.094379077272666478e-01
3.167963389999977153e+02 -3.336497590908962252e-01 -2.240176612424136238e+00 2.035000872727286136e-01 4.335661621207975713e-02 4.068767540136364858e+01 -1.301069879242422900e+00 1.443272823939386384e+00 4.658294346969720223e-01
3.211104749999983028e+02 -5.609785984848372209e-01 -2.739889885151683302e+00 1.444401690909078440e-01 6.886363101515655671e-01 5.427352217409081447e+01 -1.096766758030303990e+00 3.018804645151506705e+00 1.005768446818182227e+00
3.254833610000017643e+02 -9.713721833333313072e-01 -3.019529779090703414e+00 -5.834678848484475822e-02 1.442444713181814109e+00 6.537754306499992651e+01 -9.776018246969702119e-01 4.092421693636355329e+00 1.374784177121214590e+00
3.299157969999982924e+02 -1.051717140909094184e+00 -3.480165148787875751e+00 -7.334971878787399646e-02 1.882668131363601560e+00 7.181749413469690069e+01 -9.075255398484909364e-01 4.526014299696964116e+00 1.753908228636364974e+00
3.344085939999974357e+02 -1.093041522727267179e+00 -3.472205076060788542e+00 6.033969636363600841e-02 2.838118622272773450e+00 7.882279880136354677e+01 -6.466428125757666123e-01 4.940080323939390894e+00 1.741378640757574203e+00
3.389625740000012684e+02 -1.669955283333338869e+00 -2.967982506363568973e+00 -1.355376430303003588e-01 3.331518864696946025e+00 8.411947139530298045e+01 -3.978369065151525774e-01 5.682649305757568214e+00 2.160958998333333270e+00
3.435785699999987060e+02 -1.424867665151523966e+00 -2.595712673030220685e+00 -4.238599151515032304e-02 4.120480576818152940e+00 8.688385613772722138e+01 7.050466318182380121e-02 6.107065175454541084e+00 2.387022831666666178e+00
3.482574270000009733e+02 -1.568236889393949340e+00 -2.339117518484954417e+00 -1.180082309090915160e-01 4.422267458636383708e+00 9.166353168924240435e+01 2.704115722727244986e-01 6.666014339090904350e+00 2.998877943787880973e+00
3.530000000000000000e+02 -1.712880550000004831e+00 -2.147063424545819998e+00 -2.078363090909363109e-02 5.426438776818145016e+00 9.532152399227268802e+01 5.816767631818162698e-01 7.278765433030299548e+00 2.761670361969700060e+00
