2.277799999999992053e+02 -6.050587033305969697e-01 1.715253338198948541e+00 -6.893139884868570988e-02 -1.882261565583881691e+00 -3.382946301212987805e+01 1.096028236636514386e+00 2.992100254728633502e+00 -2.980064060444105323e-01
2.323970310000003678e+02 -2.798723513569072452e-01 1.414092700041067019e+00 -1.420442935855259492e-01 -1.811283210320745241e+00 -2.736571862068259975e+01 4.412576624177511064e-02 1.389146050781242536e+00 -3.604036560444079385e-01
2.371076479999994433e+02 -4.192743217516401444e-01 1.471069308593854430e+00 -2.038725567434207520e-01 -1.558933937294398220e+00 -2.529675517660365358e+01 3.624740392680987355e-01 1.419683596833877459e+00 -3.491816132812468609e-01
2.419137480000001403e+02 -1.145504862253279299e-01 9.533815454358034458e-01 -2.794614185855262001e-01 -1.216290621504938940e+00 -1.978198713712995982e+01 -1.243195363898035311e-01 3.058512547286227345e-01 -1.101461724917740526e-01
2.468172659999986251e+02 -1.339250289884752476e-01 9.010750651726766591e-01 -3.266080962171060698e-01 -9.940030688733543229e-01 -1.551998040686679303e+01 -1.535254179687459697e-01 -4.054743077713744981e-01 -1.625283369654573207e-01
2.518201770000010526e+02 4.635265522204434774e-02 3.501600914885898419e-01 -2.162385600328935453e-01 -7.704219438733304059e-01 -9.483655420024703631e+00 -6.045161613898049069e-01 -1.385326995271377370e+00 -1.897053830180865930e-01
2.569244949999994105e+02 1.050492144325563260e-01 2.249509270145608753e-01 -1.387522179276312606e-01 -5.000535524259888120e-01 -5.787019054893093539e+00 -5.913211646792770892e-01 -2.400401985402968563e+00 -5.762743236020195781e-02
2.621322759999994219e+02 3.064986321957299253e-01 5.852718359386699376e-02 3.090328124998986681e-03 -1.375421938733580873e-01 -2.719360235814207272e+00 -5.942416679687543279e-01 -1.973537133429282164e+00 -2.122503797286139360e-01
2.674456170000001407e+02 2.433271881167797801e-01 -5.426249403765837087e-02 5.567502878289287693e-02 1.933139015213214407e-01 -1.979182325246569008e-01 -6.098699870476984586e-01 -1.859447491981896405e+00 -1.390351757812542388e-01
2.728666590000009933e+02 1.008957769325622422e-01 -5.029715302220836293e-01 3.315859128289533331e-02 4.053169936266272089e-01 3.801462063528020963e+00 1.904082662417732053e-01 -1.303048695929266643e+00 -8.749165933388169947e-02
2.783975829999992015e+02 4.731172637746752230e-01 -1.285015174959028172e+00 2.762317195723675844e-01 6.619845265213797347e-01 9.698885135896432530e+00 -1.316998258634800578e-01 -1.440965998560855610e+00 -1.581886560444054624e-01
2.840406170000007933e+02 1.472833920641427596e-01 -1.168618543379949415e+00 1.248946537828943271e-01 7.878889673108773195e-01 1.315111405037010428e+01 -5.109834231085308431e-02 -6.637050577713772270e-01 -4.135137643914710281e-02
2.897980329999992364e+02 2.619560762746768745e-01 -9.747550729852321183e-01 2.267919037828955986e-01 1.232830144942468564e+00 2.002403675102795688e+01 -1.740812666529691910e-01 -1.108807830797726268e+00 2.971670908716905757e-02
2.956721510000011222e+02 2.572950071957169627e-01 -6.975651914062837022e-01 1.661947886513170936e-01 1.505213819284549004e+00 2.476834232668583979e+01 1.583213649259853639e-01 6.304058139391415239e-01 3.843518702713808466e-01
3.016653360000005932e+02 -2.385298678042815368e-01 -1.298246507195642607e+00 3.048428675986833980e-01 1.939605562705622788e+00 3.157858951418586457e+01 6.330749899259870972e-01 2.629389290912826027e+00 6.608344557976959521e-01
3.077799999999991201e+02 -1.505644467516464857e-01 -1.107075645353575055e+00 1.850286603618425119e-01 2.144636177837135449e+00 3.695942745497534787e+01 5.502407070312482773e-01 3.174139234991784519e+00 1.091013212376646280e+00
