8.045511023888890278e+00 1.882151517172225397e+02 2.680527273333329852e+00 -3.557851099833330011e+01 -1.036639314005554411e+02 -3.780223431666665412e+00 -1.638792180722223080e+01 -4.426371753333334880e+00 2.730000000000000000e+02
8.104105548333308207e+00 1.880736659072221926e+02 2.739190336666664560e+00 -3.541920721999998989e+01 -1.007325267100001867e+02 -3.878003463888888280e+00 -1.632842781277777888e+01 -4.422223944444438892e+00 2.777176300000130595e+02
8.151204069444435873e+00 1.880017422922223602e+02 2.729828891111104383e+00 -3.504426690055561977e+01 -9.655223970222219521e+01 -4.045765169444446308e+00 -1.639911064111107919e+01 -4.433671028888894305e+00 2.825167849999965028e+02
8.176855981111101457e+00 1.876496998927781306e+02 2.814137272222216879e+00 -3.489124423277775122e+01 -9.116776019611093318e+01 -4.340432714444435014e+00 -1.637776476444443219e+01 -4.355534115555556696e+00 2.873988719999936166e+02
8.235130322777763467e+00 1.870421730672223930e+02 2.875105867777780766e+00 -3.461383019944440775e+01 -8.432413260666665167e+01 -4.617752718888890939e+00 -1.670488338888891278e+01 -4.395513261666664562e+00 2.923653250000089088e+02
8.349270237777764336e+00 1.865121159150000096e+02 2.922855991111116047e+00 -3.439310984333335597e+01 -7.632304174277786046e+01 -5.017780371111125071e+00 -1.717689984777780410e+01 -4.356129833333333146e+00 2.974176009999957842e+02
8.352489406111121895e+00 1.859885925638889432e+02 2.984591690555555843e+00 -3.416533519444445943e+01 -6.737054041722214492e+01 -5.344528709444449355e+00 -1.712485849277776850e+01 -4.368719022777779237e+00 3.025571849999961387e+02
8.251123392777776289e+00 1.852481817361111496e+02 3.021456972777774030e+00 -3.391781854111111727e+01 -5.889475924944442653e+01 -5.582589741111108061e+00 -1.681297871277778455e+01 -4.251648947777782794e+00 3.077855840000007674e+02
8.211878781111119352e+00 1.847571555522224287e+02 3.028235414444441886e+00 -3.373109446666676092e+01 -5.099052081666666680e+01 -5.745260097222212536e+00 -1.664495640722226000e+01 -4.175514186111107584e+00 3.131043330000118203e+02
8.128515151666675820e+00 1.844910481522223904e+02 3.023960165555555246e+00 -3.339226446111116786e+01 -4.328541905166662218e+01 -5.768191341666669913e+00 -1.573317446222225868e+01 -3.919281067777776517e+00 3.185149940000083575e+02
7.892866848333331298e+00 1.842611368322228316e+02 2.968370173888887464e+00 -3.329303099666665133e+01 -3.670083440944442543e+01 -5.784329822222213480e+00 -1.454426209833332528e+01 -3.682323126666667612e+00 3.240191559999955757e+02
7.786367227222217302e+00 1.840730510572217611e+02 2.838243593333336534e+00 -3.283478158166668948e+01 -3.111405479944439634e+01 -5.582098519444429918e+00 -1.299676512999998046e+01 -3.431942326666667320e+00 3.296184330000033924e+02
7.565221177777777584e+00 1.838734682899997210e+02 2.824149853333338456e+00 -3.255955757222216818e+01 -2.672682556944449672e+01 -5.532142942777777961e+00 -1.152626818777777729e+01 -3.276660476111108888e+00 3.353144689999874117e+02
7.242611063333318278e+00 1.838412806444445380e+02 2.721634966666663047e+00 -3.224470382555560377e+01 -2.291604898388889566e+01 -5.296774985000003433e+00 -9.412888773888884231e+00 -2.966693565000003918e+00 3.411089370000006511e+02
7.137501926666669050e+00 1.838525704094443540e+02 2.657787162222220889e+00 -3.201077529444449965e+01 -1.918937082388888982e+01 -5.047729325555559754e+00 -8.191446130555554817e+00 -2.836869481666664861e+00 3.470035370000010175e+02
6.963081528333332493e+00 1.839058945677778070e+02 2.661139028888892089e+00 -3.176714946888880675e+01 -1.702131154722218298e+01 -4.901130774444447447e+00 -7.197674480555559917e+00 -2.576412576111112074e+00 3.530000000000000000e+02
