2.730000000000000000e+02 9.016646414141304966e-01
2.777176300000116953e+02 8.823698555555467005e-01
2.825167849999954797e+02 8.606714242424166050e-01
2.873988719999978798e+02 8.251495691919138453e-01
2.923653250000099888e+02 7.667227469696963338e-01
2.974176010000009001e+02 6.837541934343436267e-01
3.025571850000002883e+02 5.679105914141403533e-01
3.077855840000057697e+02 4.499813005050509185e-01
3.131043330000130140e+02 3.340441565656568912e-01
3.185149940000047195e+02 2.524411131313135104e-01
3.240191559999954620e+02 1.937617636363637985e-01
3.296184330000079967e+02 1.547138974747465923e-01
3.353144689999862749e+02 1.291153484848457933e-01
3.411089370000043459e+02 1.154883489898963500e-01
3.470035370000045987e+02 1.052470616161592654e-01
3.530000000000000000e+02 9.829794393939177144e-02
