2.730000000000000000e+02 7.573921080807974882e-01
2.777176300000116953e+02 7.211845757575655602e-01
2.825167849999954797e+02 6.906703393939311875e-01
2.873988719999978798e+02 6.419375550504965444e-01
2.923653250000099888e+02 5.913865969696940894e-01
2.974176010000009001e+02 5.257943045454552822e-01
3.025571850000002883e+02 4.625619777777772446e-01
3.077855840000057697e+02 3.847015606060604775e-01
3.131043330000130140e+02 3.251055934343435871e-01
3.185149940000047195e+02 2.770156121212129507e-01
3.240191559999954620e+02 2.415426954545454030e-01
3.296184330000079967e+02 2.018089909090912681e-01
3.353144689999862749e+02 1.783838388888892290e-01
3.411089370000043459e+02 1.567033893939395739e-01
3.470035370000045987e+02 1.361156863636363845e-01
3.530000000000000000e+02 1.271349782828280761e-01
