2.730000000000000000e+02 7.814751156565663548e-01
2.777176300000116953e+02 7.571088323232345596e-01
2.825167849999954797e+02 7.165142161616210315e-01
2.873988719999978798e+02 6.557652292929352367e-01
2.923653250000099888e+02 5.814084383838465930e-01
2.974176010000009001e+02 4.783304964646497570e-01
3.025571850000002883e+02 3.893844348484823970e-01
3.077855840000057697e+02 2.917286181818146140e-01
3.131043330000130140e+02 2.345054353535324931e-01
3.185149940000047195e+02 1.870307060606026806e-01
3.240191559999954620e+02 1.534115030303000726e-01
3.296184330000079967e+02 1.280541858585836079e-01
3.353144689999862749e+02 1.172766020201998494e-01
3.411089370000043459e+02 1.052030611111089281e-01
3.470035370000045987e+02 9.473996262626045717e-02
3.530000000000000000e+02 8.993722474747289919e-02
