2.730000000000000000e+02 6.782608818181812271e-01
2.767177170000015849e+02 6.613526515151519902e-01
2.804860620000001745e+02 6.382740393939394519e-01
2.843057240000011916e+02 6.121431909090906398e-01
2.881774020000008818e+02 5.623847181818180108e-01
2.921018049999987056e+02 5.324769363636363551e-01
2.960796510000023432e+02 4.780412848484845156e-01
3.001116670000008639e+02 4.193236666666668722e-01
3.041985909999977480e+02 3.746815727272727048e-01
3.083411709999974164e+02 3.088274242424241534e-01
3.125401640000011412e+02 2.513833878787879450e-01
3.167963389999977153e+02 2.217611181818180954e-01
3.211104749999983028e+02 1.851559212121210718e-01
3.254833610000017643e+02 1.586956909090907197e-01
3.299157969999982924e+02 1.461572303030302666e-01
3.344085939999974357e+02 1.295345151515149840e-01
3.389625740000012684e+02 1.221124424242422679e-01
3.435785699999987060e+02 1.192578393939392328e-01
3.482574270000009733e+02 1.070268333333332517e-01
3.530000000000000000e+02 9.712343636363625354e-02
