2.730000000000000000e+02 9.258333333333329529e-01
2.777176300000116953e+02 9.058207070707067210e-01
2.825167849999954797e+02 8.723611111111091443e-01
2.873988719999978798e+02 8.334911616161602144e-01
2.923653250000099888e+02 7.770959595959571198e-01
2.974176010000009001e+02 7.168560606060605522e-01
3.025571850000002883e+02 6.359911616161619818e-01
3.077855840000057697e+02 5.433143939393926258e-01
3.131043330000130140e+02 4.269633838383833369e-01
3.185149940000047195e+02 3.373800505050505993e-01
3.240191559999954620e+02 2.586931818181823495e-01
3.296184330000079967e+02 2.080681818181818465e-01
3.353144689999862749e+02 1.759469696969695740e-01
3.411089370000043459e+02 1.457260101010097730e-01
3.470035370000045987e+02 1.269823232323231410e-01
3.530000000000000000e+02 1.148358585858587633e-01
