2.839199999999978559e+02 1.831996616616165241e+01
2.888263359999983209e+02 1.809650983383838607e+01
2.938174560000084057e+02 1.814215959292925717e+01
2.988948269999917784e+02 1.794623005909092583e+01
3.040599380000011820e+02 1.766155166515148878e+01
3.093143050000063567e+02 1.765579618585858412e+01
3.146594720000069856e+02 1.730185571515149690e+01
3.200970070000033729e+02 1.743427883484845964e+01
3.256285070000005248e+02 1.754695940454549330e+01
3.312555939999902535e+02 1.779973965454542650e+01
3.369799220000038531e+02 1.818139658686868287e+01
3.428031700000038882e+02 1.862852652272725251e+01
3.487270479999825739e+02 1.939251383636362647e+01
3.547532940000099870e+02 1.968360283333327132e+01
3.608836779999946884e+02 2.040722840000001526e+01
3.671199999999958550e+02 2.080283265303027918e+01
