3.077800000000154910e+02 1.671561482626259476e+01
3.125575990000037336e+02 1.702659623888889939e+01
3.174093610000078911e+02 1.713788254444443382e+01
3.223364340000076709e+02 1.758890284696972728e+01
3.273399900000054572e+02 1.821835573939396724e+01
3.324212149999895587e+02 1.869604490050509682e+01
3.375813139999951318e+02 1.927559866161615787e+01
3.428215129999891815e+02 2.015047687676771915e+01
3.481430539999883536e+02 2.034286751363635304e+01
3.535471999999973036e+02 2.094030520959594810e+01
3.590352329999869312e+02 2.109195572373737448e+01
3.646084559999898715e+02 2.149901726565657256e+01
3.702681909999893151e+02 2.176670166565655862e+01
3.760157800000083057e+02 2.210106049696970842e+01
3.818525880000069037e+02 2.210444309898985438e+01
3.877800000000179921e+02 2.245670480656563228e+01
