3.130000000000000000e+02 1.759045538179917756e+01
3.177856030000010037e+02 1.743133327928871168e+01
3.226443760000009320e+02 1.765773792154812938e+01
3.275774369999999749e+02 1.770259284623428897e+01
3.325859209999956079e+02 1.788152893723849601e+01
3.376709830000000920e+02 1.831341266213387797e+01
3.428337920000008125e+02 1.871893183891211976e+01
3.480755379999972661e+02 1.914276342782425644e+01
3.533974279999969212e+02 1.969771517887027557e+01
3.588006859999951530e+02 2.020817207112970948e+01
3.642865580000038221e+02 2.081331624581589779e+01
3.698563050000026919e+02 2.126852661715481219e+01
3.755112109999956829e+02 2.123660183995816908e+01
3.812525780000089526e+02 2.164546643305438778e+01
3.870817270000067083e+02 2.186639059937238017e+01
3.930000000000000000e+02 2.216896786820083065e+01
