2.730000000000000000e+02 1.813372886616162205e+01
2.777176300000116953e+02 1.799798486565658351e+01
2.825167849999954797e+02 1.780863965707067820e+01
2.873988719999978798e+02 1.772667260252530497e+01
2.923653250000099888e+02 1.751529994747476238e+01
2.974176010000009001e+02 1.740513893030304615e+01
3.025571850000002883e+02 1.708379161363637877e+01
3.077855840000057697e+02 1.717305486414141669e+01
3.131043330000130140e+02 1.724378494898988734e+01
3.185149940000047195e+02 1.746068810000003779e+01
3.240191559999954620e+02 1.804331592777777971e+01
3.296184330000079967e+02 1.866759502121211867e+01
3.353144689999862749e+02 1.916847859696965983e+01
3.411089370000043459e+02 1.961395298838385415e+01
3.470035370000045987e+02 2.041214728787878485e+01
3.530000000000000000e+02 2.086077588636362989e+01
