2.730000000000000000e+02 1.841223058939393553e+01
2.794532710000019051e+02 1.844694003686870687e+01
2.860590869999857659e+02 1.843375245000000007e+01
2.928210539999944899e+02 1.834143778080807508e+01
2.997428620000104615e+02 1.834861662878783761e+01
3.068282909999930439e+02 1.823192751969697056e+01
3.140812069999985283e+02 1.817546388282829284e+01
3.215055710000002023e+02 1.788856939141416191e+01
3.291054340000148386e+02 1.758712820606060845e+01
3.368849450000105321e+02 1.702239593131315587e+01
3.448483520000008298e+02 1.575875409545457373e+01
3.530000000000000000e+02 1.449281041616160337e+01
