2.730000000000000000e+02 4.261040120303030676e+01
2.767177170000015849e+02 4.220303335454543259e+01
2.804860620000001745e+02 4.033351440303029989e+01
2.843057240000011916e+02 3.914107042424240035e+01
2.881774020000008818e+02 3.741979307575761027e+01
2.921018049999987056e+02 3.620934800606060122e+01
2.960796510000023432e+02 3.348506744848484118e+01
3.001116670000008639e+02 3.111806003333330750e+01
3.041985909999977480e+02 3.111686159999998580e+01
3.083411709999974164e+02 3.090411955757576123e+01
3.125401640000011412e+02 3.181840683939394054e+01
3.167963389999977153e+02 3.274511043636366736e+01
3.211104749999983028e+02 3.330973539696969965e+01
3.254833610000017643e+02 3.493988940606060112e+01
3.299157969999982924e+02 3.500758124242423719e+01
3.344085939999974357e+02 3.549840654848485855e+01
3.389625740000012684e+02 3.668652740909092103e+01
3.435785699999987060e+02 3.648695690606059827e+01
3.482574270000009733e+02 3.694851074242421873e+01
3.530000000000000000e+02 3.695919072424239715e+01
