2.730000000000000000e+02 1.805562449066390229e+01
2.777176299999998719e+02 1.804521166701245605e+01
2.825167850000062799e+02 1.793080573236515463e+01
2.873988719999961745e+02 1.788761111721993302e+01
2.923653249999987338e+02 1.768196028423238531e+01
2.974176009999953862e+02 1.762309618464731642e+01
3.025571850000032441e+02 1.749373960165975461e+01
3.077855839999978116e+02 1.725583549792531102e+01
3.131043330000006790e+02 1.725427440767634835e+01
3.185149940000019910e+02 1.724725274688798038e+01
3.240191559999960873e+02 1.748820197510374541e+01
3.296184329999971396e+02 1.758894193983402943e+01
3.353144689999978141e+02 1.831150819190870394e+01
3.411089370000004237e+02 1.855173688278009791e+01
3.470035369999997670e+02 1.918937889937762264e+01
3.530000000000000000e+02 1.971429221161823619e+01
