2.730000000000000000e+02 1.792121939242421647e+01
2.777176300000116953e+02 1.776022846666664989e+01
2.825167849999954797e+02 1.733791441515150566e+01
2.873988719999978798e+02 1.728703431414141178e+01
2.923653250000099888e+02 1.710151453030302804e+01
2.974176010000009001e+02 1.722702499040402557e+01
3.025571850000002883e+02 1.726248130202018061e+01
3.077855840000057697e+02 1.766897391010099128e+01
3.131043330000130140e+02 1.818290830959596249e+01
3.185149940000047195e+02 1.908119504898989760e+01
3.240191559999954620e+02 1.949572734696969789e+01
3.296184330000079967e+02 1.997518606767675564e+01
3.353144689999862749e+02 2.060835539141414685e+01
3.411089370000043459e+02 2.107969102171717068e+01
3.470035370000045987e+02 2.134949795353538349e+01
3.530000000000000000e+02 2.177725850505049721e+01
