2.730000000000000000e+02 1.813574463222222377e+01
2.777176300000130595e+02 1.798949513111107734e+01
2.825167849999965028e+02 1.790695882111110748e+01
2.873988719999936166e+02 1.780063943944442428e+01
2.923653250000089088e+02 1.756586474666664088e+01
2.974176009999957842e+02 1.723682921000000690e+01
3.025571849999961387e+02 1.701855880055553172e+01
3.077855840000007674e+02 1.718137549888891513e+01
3.131043330000118203e+02 1.748323390444446090e+01
3.185149940000083575e+02 1.759650162222223102e+01
3.240191559999955757e+02 1.797887279611110856e+01
3.296184330000033924e+02 1.857461530722223131e+01
3.353144689999874117e+02 1.907464975722222889e+01
3.411089370000006511e+02 1.993407508611111822e+01
3.470035370000010175e+02 2.034199238833333112e+01
3.530000000000000000e+02 2.083247728388887055e+01
