2.730000000000000000e+02 4.037104244975284928e+01
2.777176299999992466e+02 3.885312790115316517e+01
2.825167850000032672e+02 3.665187488632616208e+01
2.873988719999994146e+02 3.490203870345962400e+01
2.923653249999997570e+02 3.143358164415155898e+01
2.974176009999962957e+02 3.013734179077430397e+01
3.025571850000025051e+02 3.086869872322902708e+01
3.077855839999979821e+02 3.133998259802309150e+01
3.131043329999976095e+02 3.191440801647443237e+01
3.185149939999978983e+02 3.235916105436573531e+01
3.240191559999968263e+02 3.396413421416804113e+01
3.296184329999978218e+02 3.550825362767710658e+01
3.353144690000026458e+02 3.600820759637557700e+01
3.411089370000030954e+02 3.643789495057657746e+01
3.470035370000029502e+02 3.637295001317954757e+01
3.530000000000000000e+02 3.714676803130146965e+01
