2.730000000000000000e+02 1.810648684191918534e+01
2.777176300000116953e+02 1.787040238838381967e+01
2.825167849999954797e+02 1.774867737575754845e+01
2.873988719999978798e+02 1.753712338838385776e+01
2.923653250000099888e+02 1.734094858484849055e+01
2.974176010000009001e+02 1.718622800858585720e+01
3.025571850000002883e+02 1.698050676010097604e+01
3.077855840000057697e+02 1.690164474595960087e+01
3.131043330000130140e+02 1.705649625707067685e+01
3.185149940000047195e+02 1.742328259949495717e+01
3.240191559999954620e+02 1.800407975555551232e+01
3.296184330000079967e+02 1.853647199141413893e+01
3.353144689999862749e+02 1.909710582222227870e+01
3.411089370000043459e+02 1.968456542323232838e+01
3.470035370000045987e+02 2.020425588636365077e+01
3.530000000000000000e+02 2.090357704848484488e+01
