2.330000000000000000e+02 1.814460363535355469e+01
2.376303000000059740e+02 1.810245089898994664e+01
2.423526149999942731e+02 1.815868711363635768e+01
2.471687750000118626e+02 1.812944899797983567e+01
2.520806430000085925e+02 1.813708202676766135e+01
2.570901239999922723e+02 1.801074255606059538e+01
2.621991549999920039e+02 1.791106686767675527e+01
2.674097160000095528e+02 1.786686612323232382e+01
2.727238229999899772e+02 1.759347947878788077e+01
2.781435359999947536e+02 1.732475736868687122e+01
2.836709510000009118e+02 1.723921881717172866e+01
2.893082110000015064e+02 1.692840703939392455e+01
2.950574969999855170e+02 1.687362303484848880e+01
3.009210360000110427e+02 1.712280395353531759e+01
3.069010990000072070e+02 1.746932478131314070e+01
3.130000000000000000e+02 1.809112689191917411e+01
