2.277800000000110856e+02 1.811753304898985562e+01
2.323970310000003963e+02 1.818047633636363969e+01
2.371076480000038771e+02 1.826420502272728541e+01
2.419137479999947971e+02 1.837711568737373469e+01
2.468172660000117560e+02 1.826842783232323342e+01
2.518201770000044633e+02 1.837716538636361818e+01
2.569244949999959999e+02 1.826054790404041483e+01
2.621322759999923733e+02 1.812790557777785239e+01
2.674456169999932058e+02 1.798685466969697089e+01
2.728666589999965026e+02 1.779525542272726923e+01
2.783975830000093765e+02 1.777079132070708667e+01
2.840406170000056250e+02 1.752335593333331332e+01
2.897980330000099229e+02 1.716431872121214397e+01
2.956721510000053286e+02 1.702316174747473099e+01
3.016653359999955342e+02 1.697242631717171690e+01
3.077800000000154910e+02 1.694424320505050829e+01
