2.277800000000110856e+02 1.806003139646461619e+01
2.323970310000003963e+02 1.795151028888888689e+01
2.371076480000038771e+02 1.806670870808078178e+01
2.419137479999947971e+02 1.813665156161617986e+01
2.468172660000117560e+02 1.794260288434344019e+01
2.518201770000044633e+02 1.766359844898988740e+01
2.569244949999959999e+02 1.746234031717171575e+01
2.621322759999923733e+02 1.719237122777774118e+01
2.674456169999932058e+02 1.689544862929291469e+01
2.728666589999965026e+02 1.672855528787879820e+01
2.783975830000093765e+02 1.648395595404041813e+01
2.840406170000056250e+02 1.643227699545458975e+01
2.897980330000099229e+02 1.628200167828281764e+01
2.956721510000053286e+02 1.627341614848483786e+01
3.016653359999955342e+02 1.644431820454544990e+01
3.077800000000154910e+02 1.644290274343433822e+01
