2.730000000000000000e+02 1.810021103737372528e+01
2.777176300000116953e+02 1.794506232171718096e+01
2.825167849999954797e+02 1.786644212323233205e+01
2.873988719999978798e+02 1.761885070959596433e+01
2.923653250000099888e+02 1.737232188383838505e+01
2.974176010000009001e+02 1.716180945808082825e+01
3.025571850000002883e+02 1.705611663030302694e+01
3.077855840000057697e+02 1.713535975909090325e+01
3.131043330000130140e+02 1.725835241666662867e+01
3.185149940000047195e+02 1.751104830151515301e+01
3.240191559999954620e+02 1.790301664747472898e+01
3.296184330000079967e+02 1.858007904595957172e+01
3.353144689999862749e+02 1.915973371010100834e+01
3.411089370000043459e+02 1.973684856111117014e+01
3.470035370000045987e+02 2.020301678989898875e+01
3.530000000000000000e+02 2.082584008434346146e+01
