3.077800000000154910e+02 6.928143531666667343e+01 1.704241568535352158e+01
3.125575990000037336e+02 7.567142494090902005e+01 1.731874432272727660e+01
3.174093610000078911e+02 8.191876049292918083e+01 1.743633021515154269e+01
3.223364340000076709e+02 8.733707662020192686e+01 1.791137623080809504e+01
3.273399900000054572e+02 9.380932961969708117e+01 1.861229963636359841e+01
3.324212149999895587e+02 9.890527513181815777e+01 1.878786196212120529e+01
3.375813139999951318e+02 1.030976680732321284e+02 1.958057478888889236e+01
3.428215129999891815e+02 1.074177894838381206e+02 2.011549141414140607e+01
3.481430539999883536e+02 1.106331739530303224e+02 2.044173190959595487e+01
3.535471999999973036e+02 1.139204655080807527e+02 2.115932773939392675e+01
3.590352329999869312e+02 1.165938488737373433e+02 2.114798741565658702e+01
3.646084559999898715e+02 1.186736188247475070e+02 2.135018629797977852e+01
3.702681909999893151e+02 1.208267967838383754e+02 2.166114001262623034e+01
3.760157800000083057e+02 1.227931071641414746e+02 2.187325936464643661e+01
3.818525880000069037e+02 1.241551877803028958e+02 2.213260861464648954e+01
3.877800000000179921e+02 1.261681167121211615e+02 2.223311194949498315e+01
