-1.031759359999999930e+02 4.164358200000000210e+01
-1.180643189999999976e+02 1.823787700000000100e+01
-1.188551230000000061e+02 1.868074700000000021e+01
-1.334853960000000086e+02 2.002545100000000033e+01
-1.298467489999999884e+02 4.229022599999999699e+01
-1.267920639999999963e+02 2.590124399999999838e+01
-1.188326040000000035e+02 1.991243100000000155e+01
-1.211191769999999934e+02 2.221867299999999901e+01
-1.200816810000000032e+02 2.296901199999999932e+01
-1.137006049999999959e+02 2.334300199999999847e+01
-1.363813069999999925e+02 3.880207699999999704e+01
-1.566038340000000062e+02 2.265185200000000165e+01
-1.383084589999999992e+02 2.995340099999999950e+01
-1.280214110000000005e+02 2.115256400000000170e+01
-1.121484430000000003e+02 1.986040799999999962e+01
-1.470596999999999923e+02 3.422677900000000051e+01
-1.274675430000000063e+02 1.911880599999999930e+01
-1.296425020000000075e+02 3.279253200000000135e+01
-1.161506239999999934e+02 2.517614199999999869e+01
-1.261234270000000066e+02 1.916833300000000051e+01
-1.230758880000000062e+02 1.933948300000000131e+01
-1.367321479999999951e+02 2.039855100000000121e+01
-8.797418199999999899e+01 2.039963799999999949e+01
-1.182991679999999945e+02 2.284523599999999988e+01
-1.622099530000000129e+02 3.087956600000000051e+01
-1.711716940000000022e+02 2.107069699999999912e+01
-1.253940879999999964e+02 1.891695599999999899e+01
-1.216457439999999934e+02 1.898496499999999898e+01
-1.078850639999999999e+02 2.422998400000000174e+01
-1.246657720000000040e+02 1.950656700000000043e+01
-1.226331509999999980e+02 1.810868800000000078e+01
-1.138786269999999945e+02 1.802052899999999980e+01
-1.643168760000000077e+02 3.740557900000000302e+01
-1.739290780000000041e+02 2.676143799999999828e+01
-1.125758589999999941e+02 1.805531900000000078e+01
-1.709616069999999866e+02 2.480696999999999974e+01
-1.642642429999999933e+02 2.144268599999999836e+01
-1.647959079999999972e+02 3.375489999999999924e+01
-1.094798090000000030e+02 1.845072800000000157e+01
-1.226728010000000069e+02 1.811879400000000118e+01
-1.627354139999999916e+02 2.421730000000000160e+01
-1.518523680000000127e+02 2.114003699999999952e+01
-1.719929559999999924e+02 3.268066999999999922e+01
-1.082526090000000067e+02 1.751447500000000090e+01
-1.152103649999999959e+02 2.535571399999999898e+01
-9.386452099999999632e+01 3.506216400000000277e+01
-1.352282710000000066e+02 2.484583299999999895e+01
-1.150981579999999980e+02 2.425413299999999950e+01
-1.526110030000000108e+02 2.424493800000000121e+01
-1.210468869999999981e+02 2.488142799999999966e+01
-1.302619699999999909e+02 2.304025800000000146e+01
-1.332472559999999930e+02 3.387502500000000083e+01
-1.333918779999999913e+02 2.627491099999999946e+01
-1.199644210000000015e+02 2.500014699999999834e+01
-1.255027050000000060e+02 2.536112200000000172e+01
-1.533209390000000099e+02 2.824880299999999878e+01
-7.938094599999999446e+01 2.702244699999999966e+01
-1.230766660000000030e+02 2.492589600000000161e+01
-1.448049959999999885e+02 2.928386400000000123e+01
-1.138934940000000040e+02 3.708163600000000315e+01
-1.306622659999999883e+02 2.738901900000000111e+01
-1.253224340000000012e+02 3.542770300000000105e+01
-1.198609919999999960e+02 2.398250699999999824e+01
-1.325833460000000059e+02 3.285710300000000217e+01
-1.202237140000000011e+02 2.458108899999999863e+01
-1.150105240000000038e+02 2.424677900000000008e+01
-1.579677969999999902e+02 2.601998599999999939e+01
-1.314313239999999894e+02 2.367580699999999894e+01
-1.435381820000000062e+02 2.496621499999999827e+01
-1.624867910000000109e+02 2.633042299999999969e+01
-1.199981999999999971e+02 2.377746000000000137e+01
-1.549800490000000082e+02 2.366085700000000003e+01
-1.296362059999999872e+02 2.372157800000000094e+01
-1.184533490000000029e+02 3.079596199999999939e+01
-1.130302020000000027e+02 2.301535000000000153e+01
-1.044375440000000026e+02 2.917547599999999974e+01
-1.761468279999999993e+02 4.674453599999999653e+01
-1.795387249999999995e+02 3.178645600000000115e+01
-1.044465820000000065e+02 2.908051400000000086e+01
-1.304979840000000024e+02 2.186692899999999895e+01
-1.232026919999999990e+02 2.798875200000000163e+01
-1.634442870000000028e+02 2.629336100000000087e+01
-1.140413589999999999e+02 2.454060199999999980e+01
-1.112884379999999993e+02 3.841226900000000199e+01
-1.492006399999999928e+02 2.960135800000000117e+01
-1.319600519999999904e+02 3.004064999999999941e+01
-1.223383589999999970e+02 2.981131999999999849e+01
-1.363915079999999875e+02 2.216721599999999981e+01
-1.255724850000000004e+02 3.628768199999999666e+01
-1.707055009999999982e+02 3.273680000000000234e+01
-1.173649709999999970e+02 2.196113000000000071e+01
-1.363584510000000023e+02 1.834685999999999950e+01
-1.210283369999999934e+02 2.490485999999999933e+01
-1.424421690000000069e+02 3.544745499999999794e+01
-8.950778599999999585e+01 3.298055999999999699e+01
-1.461242410000000120e+02 3.096232799999999941e+01
-1.254759540000000015e+02 2.653001199999999926e+01
-1.902985590000000116e+02 3.501662300000000272e+01
-1.017519839999999931e+02 2.504059799999999925e+01
-1.553391709999999932e+02 3.213168799999999692e+01
-1.232884049999999974e+02 2.861120400000000075e+01
-1.939710010000000011e+02 2.551829400000000092e+01
-1.981232929999999897e+02 5.603265100000000132e+01
-1.196530840000000069e+02 4.019056799999999896e+01
-1.359566489999999988e+02 3.838040800000000274e+01
-1.755902560000000108e+02 3.753044700000000233e+01
-1.893008949999999970e+02 3.809566300000000183e+01
-2.009502870000000030e+02 2.310153100000000137e+01
-1.434786000000000001e+02 3.425640800000000041e+01
-1.406220010000000116e+02 2.747181099999999887e+01
-1.159273940000000067e+02 2.726940199999999948e+01
-1.633541730000000030e+02 3.203759099999999904e+01
-1.336415169999999932e+02 2.120946999999999960e+01
-2.004977000000000089e+02 3.817935200000000151e+01
-2.088621449999999982e+02 4.427598900000000270e+01
-2.325539719999999875e+02 3.179525100000000037e+01
-1.743499109999999916e+02 2.015627900000000139e+01
-1.754018800000000056e+02 5.306148300000000262e+01
-2.010341669999999965e+02 2.841769299999999987e+01
-2.113368140000000039e+02 2.777374000000000009e+01
-1.892061610000000087e+02 2.770294300000000121e+01
-1.450391119999999887e+02 2.698920800000000142e+01
-1.658410279999999943e+02 4.843698899999999696e+01
-1.700572200000000009e+02 4.084174999999999756e+01
-1.894369330000000105e+02 3.872220800000000196e+01
-1.531060760000000016e+02 2.330073900000000009e+01
-1.577569929999999943e+02 2.508011600000000030e+01
-1.413978250000000116e+02 1.984336499999999859e+01
-1.443363129999999899e+02 2.802322600000000108e+01
-1.598295209999999997e+02 3.668239299999999758e+01
-1.581177470000000085e+02 3.243683800000000161e+01
-1.357284310000000005e+02 3.822292999999999807e+01
-1.621776110000000131e+02 3.433360600000000318e+01
-1.350432509999999979e+02 2.074709000000000003e+01
-1.860502270000000067e+02 2.798140000000000072e+01
-1.902125289999999893e+02 2.898027300000000039e+01
-1.644256670000000042e+02 3.323894800000000060e+01
-1.366909960000000126e+02 1.831421500000000080e+01
-1.820176130000000114e+02 3.015101299999999895e+01
-1.350012920000000065e+02 2.736621399999999937e+01
-1.155444629999999933e+02 2.057792999999999850e+01
-1.870123159999999984e+02 5.040322700000000111e+01
-1.213895049999999998e+02 2.164541499999999985e+01
-1.375539320000000032e+02 1.897765800000000169e+01
-1.621936120000000017e+02 3.079873399999999961e+01
-1.701551660000000084e+02 2.696777799999999914e+01
-1.489815010000000086e+02 2.220236799999999988e+01
-1.286825479999999970e+02 2.225706699999999927e+01
-1.345497919999999965e+02 2.594763499999999823e+01
-2.223443570000000022e+02 4.592827700000000135e+01
-2.318370309999999961e+02 5.141622399999999971e+01
-1.637133090000000095e+02 2.872300800000000010e+01
-1.396328159999999912e+02 3.330075399999999775e+01
-1.691436019999999871e+02 2.264125599999999849e+01
-1.502913719999999955e+02 2.303836599999999990e+01
-2.177081729999999880e+02 2.962220800000000054e+01
-2.317959840000000042e+02 4.246110900000000044e+01
-1.610629230000000121e+02 2.505920599999999965e+01
-2.036084720000000061e+02 4.732411900000000315e+01
-2.440709779999999967e+02 4.972695399999999921e+01
-2.172922839999999951e+02 3.359204199999999929e+01
-1.595858310000000131e+02 2.716409600000000069e+01
-1.305820190000000025e+02 2.521777200000000008e+01
-1.318399719999999888e+02 3.391206900000000246e+01
-1.205290540000000021e+02 2.946113400000000127e+01
-1.235026940000000053e+02 2.523122700000000052e+01
-2.202576740000000086e+02 3.876082699999999903e+01
-1.608617130000000088e+02 2.130273700000000048e+01
-1.270950069999999954e+02 3.406469200000000086e+01
-1.396236480000000029e+02 2.524080299999999966e+01
-1.385929059999999993e+02 2.015900200000000098e+01
-1.508553689999999960e+02 1.979628699999999952e+01
-1.426119009999999889e+02 2.031439100000000053e+01
-1.579022679999999923e+02 2.028132400000000146e+01
-2.211056079999999895e+02 3.933812000000000353e+01
-1.296827209999999866e+02 3.706184400000000068e+01
-1.221987660000000062e+02 2.296283800000000141e+01
-1.371965439999999887e+02 2.138461300000000165e+01
-1.308725479999999948e+02 2.756920300000000168e+01
-1.398124050000000125e+02 3.285734399999999766e+01
-1.486788259999999866e+02 2.587668299999999988e+01
-1.464445640000000139e+02 4.161443799999999982e+01
-2.373609620000000007e+02 3.911529300000000120e+01
-1.351334709999999859e+02 3.284137400000000184e+01
-1.735410300000000063e+02 4.689976099999999803e+01
-1.642332089999999880e+02 2.961343700000000112e+01
-1.629490460000000098e+02 2.501267899999999855e+01
-1.461761659999999949e+02 3.317849700000000013e+01
-1.308632360000000006e+02 2.861302200000000084e+01
-9.843000899999999831e+01 4.238352100000000178e+01
-1.419438440000000128e+02 3.930339800000000139e+01
-1.232180890000000062e+02 2.677244200000000163e+01
-1.569745660000000100e+02 2.371431000000000111e+01
-1.801313210000000140e+02 2.608370199999999883e+01
-2.595983200000000011e+02 5.298899200000000320e+01
-1.618317810000000065e+02 3.070045700000000011e+01
-2.273356569999999977e+02 4.792921599999999671e+01
-1.546520160000000033e+02 2.365907999999999944e+01
-1.468124750000000063e+02 4.087189099999999797e+01
-1.556541090000000054e+02 1.692835699999999832e+01
-2.294942210000000102e+02 3.632559599999999733e+01
-1.510194089999999960e+02 2.037961200000000161e+01
-2.355192460000000096e+02 5.701355399999999918e+01
-1.898701389999999947e+02 3.543967200000000162e+01
-1.215920530000000070e+02 2.624785699999999977e+01
-1.673230749999999887e+02 1.794355600000000095e+01
-2.423413580000000138e+02 4.903204999999999814e+01
-1.680380550000000142e+02 4.016248499999999666e+01
-1.883837139999999977e+02 2.950020200000000159e+01
-1.043499620000000050e+02 2.534191799999999972e+01
-2.130531740000000127e+02 2.632193300000000136e+01
-2.321667999999999950e+02 3.903540600000000182e+01
-1.713885050000000092e+02 1.840472400000000164e+01
-1.747458799999999997e+02 1.812799199999999900e+01
-1.477912719999999922e+02 3.902225800000000078e+01
-2.273786249999999995e+02 4.645644899999999922e+01
-1.837148160000000132e+02 3.550922800000000024e+01
-1.981957700000000102e+02 4.646933099999999683e+01
-1.801461339999999893e+02 1.830105800000000116e+01
-2.173296090000000049e+02 3.258860299999999910e+01
-2.040374250000000131e+02 4.236603999999999814e+01
-1.691158140000000003e+02 1.797640600000000077e+01
-1.650235869999999920e+02 1.766433699999999973e+01
-1.624947190000000035e+02 1.849083900000000114e+01
-2.301086139999999887e+02 5.548066500000000190e+01
-1.842108470000000011e+02 2.720765400000000156e+01
-1.541015199999999936e+02 1.806184599999999918e+01
-1.865543470000000070e+02 2.670736700000000141e+01
-2.459878649999999993e+02 5.931661799999999829e+01
-1.614547609999999906e+02 1.758195200000000114e+01
-2.011605669999999861e+02 3.030509400000000042e+01
-1.730478099999999984e+02 1.810000600000000048e+01
-1.637744800000000112e+02 1.726552699999999874e+01
-2.344463570000000061e+02 3.480051699999999926e+01
-1.536445720000000108e+02 1.743215899999999863e+01
-1.976972240000000056e+02 3.446056600000000003e+01
-2.330088210000000117e+02 2.923248200000000097e+01
-2.244532839999999965e+02 4.834726400000000268e+01
-1.892471529999999973e+02 3.760038600000000031e+01
-1.725665300000000002e+02 2.113569800000000143e+01
-2.224987769999999898e+02 4.965452700000000164e+01
-1.893887320000000045e+02 4.478333500000000100e+01
-2.160170689999999922e+02 4.825311299999999903e+01
-2.005555980000000034e+02 2.103795900000000074e+01
-2.340212150000000122e+02 4.268228200000000072e+01
-2.034576790000000130e+02 4.241618700000000075e+01
-1.940914980000000014e+02 2.785251699999999886e+01
-1.673663119999999935e+02 2.470585900000000024e+01
-1.870488599999999906e+02 4.175399699999999825e+01
-2.205469899999999939e+02 4.713776699999999664e+01
-2.137195900000000108e+02 3.343913100000000327e+01
-1.907621599999999944e+02 3.816356999999999999e+01
-2.142534320000000037e+02 4.546481299999999948e+01
-2.178602689999999882e+02 2.835582499999999939e+01
-2.349006540000000030e+02 5.811460900000000152e+01
-2.786493560000000116e+02 5.240215400000000301e+01
-1.924318340000000092e+02 1.920844599999999858e+01
-1.816029379999999946e+02 1.932409799999999933e+01
-2.638233349999999859e+02 4.548066699999999685e+01
-1.920458989999999915e+02 4.348349199999999826e+01
-1.865812219999999968e+02 2.164068400000000025e+01
-1.909023129999999924e+02 3.590456900000000218e+01
-2.062094050000000038e+02 5.230370200000000125e+01
-2.036364609999999971e+02 4.298004999999999853e+01
-2.023359959999999944e+02 2.696327399999999841e+01
-2.060450280000000021e+02 5.256583299999999781e+01
-1.908760450000000048e+02 2.068941399999999931e+01
-2.479706229999999891e+02 5.064222900000000038e+01
-2.491696389999999894e+02 4.427512899999999973e+01
-2.161997790000000066e+02 2.275375199999999865e+01
-2.322670090000000016e+02 4.699397299999999689e+01
-2.001499450000000024e+02 5.000760799999999762e+01
-2.265425779999999918e+02 4.442935800000000057e+01
-2.226760030000000086e+02 3.673266499999999724e+01
-1.961815799999999967e+02 5.567668400000000162e+01
-2.052388950000000136e+02 2.444929199999999980e+01
-1.899142239999999902e+02 3.509281899999999865e+01
-2.062204370000000040e+02 2.646114899999999892e+01
-2.397181840000000079e+02 5.076147399999999976e+01
-1.639861679999999922e+02 2.149522699999999986e+01
-2.288455390000000023e+02 4.163726499999999930e+01
-1.495215269999999919e+02 4.190962999999999994e+01
-2.091524550000000033e+02 4.852393599999999907e+01
-2.065190589999999986e+02 3.551230300000000284e+01
-2.280999480000000119e+02 4.183674800000000005e+01
-1.826674590000000080e+02 3.385957700000000159e+01
-2.008661270000000059e+02 3.431342899999999929e+01
-1.130204739999999930e+02 1.812569299999999828e+01
-1.063486139999999978e+02 3.262583699999999709e+01
-1.776417920000000095e+02 2.683759200000000078e+01
-1.823275079999999946e+02 3.649953500000000162e+01
-1.672373320000000092e+02 2.167211500000000157e+01
-1.300018450000000030e+02 1.744491700000000023e+01
-1.658268610000000081e+02 3.892022000000000048e+01
-1.825305840000000046e+02 2.245801300000000111e+01
-1.754660489999999982e+02 3.866116499999999689e+01
-2.400491670000000113e+02 4.311578099999999836e+01
-1.308295880000000011e+02 1.742661999999999978e+01
-1.341002019999999959e+02 1.793173300000000125e+01
-2.307285430000000019e+02 4.407917400000000185e+01
-2.204480910000000051e+02 2.636656199999999828e+01
-2.193487969999999905e+02 5.062221600000000166e+01
-1.541712799999999959e+02 3.600485400000000169e+01
-1.873095409999999958e+02 3.269648699999999764e+01
-1.674542409999999961e+02 3.052151900000000140e+01
-1.662689369999999940e+02 2.988036500000000117e+01
-1.868415170000000103e+02 3.121565500000000171e+01
-1.878209960000000081e+02 4.134186400000000106e+01
-2.198288569999999993e+02 4.006745800000000202e+01
-1.411589969999999994e+02 1.996049100000000109e+01
-1.490522640000000081e+02 2.030474500000000049e+01
-2.222728600000000085e+02 4.677163800000000293e+01
-1.842583309999999983e+02 3.835580300000000165e+01
-1.440945739999999944e+02 2.049603899999999967e+01
-1.365912429999999915e+02 2.028501100000000079e+01
-1.945086619999999868e+02 4.233841499999999769e+01
-2.666767029999999750e+02 3.764717900000000128e+01
-1.269275219999999962e+02 3.588054699999999997e+01
-2.041745099999999979e+02 2.340634199999999865e+01
-2.605246539999999982e+02 5.377454500000000337e+01
-2.168330499999999859e+02 3.406081999999999965e+01
-2.238179700000000025e+02 4.403495300000000157e+01
-2.306442470000000071e+02 3.563483699999999743e+01
-1.979060120000000040e+02 3.993540600000000040e+01
-2.127521669999999858e+02 3.484909600000000296e+01
-2.156427300000000002e+02 3.686938899999999819e+01
-2.109093149999999923e+02 2.622643599999999964e+01
-2.055750380000000064e+02 4.221853500000000281e+01
-1.638491410000000030e+02 4.037573700000000088e+01
-1.801019159999999886e+02 3.194545000000000101e+01
