1.495899400000000057e+01 4.164358200000000210e+01
1.735275800000000146e+01 1.823787700000000100e+01
1.756990800000000164e+01 1.868074700000000021e+01
2.219179899999999961e+01 2.002545100000000033e+01
1.587513599999999947e+01 4.229022599999999699e+01
1.692734499999999898e+01 2.590124399999999838e+01
1.592966000000000015e+01 1.991243100000000155e+01
2.052089499999999944e+01 2.221867299999999901e+01
1.932695899999999867e+01 2.296901199999999932e+01
1.844988000000000028e+01 2.334300199999999847e+01
1.522291599999999967e+01 3.880207699999999704e+01
1.734315899999999999e+01 2.265185200000000165e+01
1.752775600000000011e+01 2.995340099999999950e+01
1.915273699999999835e+01 2.115256400000000170e+01
1.865184700000000007e+01 1.986040799999999962e+01
1.623970800000000025e+01 3.422677900000000051e+01
2.172775999999999996e+01 1.911880599999999930e+01
1.636069300000000126e+01 3.279253200000000135e+01
1.841627599999999987e+01 2.517614199999999869e+01
1.872504100000000093e+01 1.916833300000000051e+01
1.951807200000000009e+01 1.933948300000000131e+01
2.096511299999999878e+01 2.039855100000000121e+01
1.244951299999999961e+01 2.039963799999999949e+01
1.547996000000000016e+01 2.284523599999999988e+01
1.511906199999999956e+01 3.087956600000000051e+01
1.774391100000000066e+01 2.107069699999999912e+01
1.760014299999999920e+01 1.891695599999999899e+01
1.888694900000000132e+01 1.898496499999999898e+01
1.708640700000000123e+01 2.422998400000000174e+01
2.022034999999999982e+01 1.950656700000000043e+01
2.112069299999999927e+01 1.810868800000000078e+01
1.995157999999999987e+01 1.802052899999999980e+01
1.583614299999999986e+01 3.740557900000000302e+01
1.550511900000000054e+01 2.676143799999999828e+01
1.639373799999999903e+01 1.805531900000000078e+01
1.504649700000000045e+01 2.480696999999999974e+01
1.941176899999999961e+01 2.144268599999999836e+01
1.832890799999999842e+01 3.375489999999999924e+01
1.557981999999999978e+01 1.845072800000000157e+01
1.398073499999999925e+01 1.811879400000000118e+01
1.782885299999999873e+01 2.421730000000000160e+01
1.777267200000000003e+01 2.114003699999999952e+01
1.845596499999999907e+01 3.268066999999999922e+01
1.996506700000000123e+01 1.751447500000000090e+01
1.566636199999999945e+01 2.535571399999999898e+01
1.718253500000000145e+01 3.506216400000000277e+01
1.260411000000000037e+01 2.484583299999999895e+01
1.956482199999999949e+01 2.425413299999999950e+01
1.812712300000000099e+01 2.424493800000000121e+01
1.953802699999999959e+01 2.488142799999999966e+01
2.072707400000000177e+01 2.304025800000000146e+01
1.692018600000000106e+01 3.387502500000000083e+01
1.729176000000000002e+01 2.627491099999999946e+01
1.937093600000000038e+01 2.500014699999999834e+01
2.251013800000000131e+01 2.536112200000000172e+01
1.935805699999999874e+01 2.824880299999999878e+01
2.005867800000000045e+01 2.702244699999999966e+01
1.763923399999999830e+01 2.492589600000000161e+01
1.391718099999999936e+01 2.928386400000000123e+01
1.679280199999999823e+01 3.708163600000000315e+01
1.394954300000000025e+01 2.738901900000000111e+01
1.628837499999999849e+01 3.542770300000000105e+01
2.383940799999999882e+01 2.398250699999999824e+01
1.882354199999999977e+01 3.285710300000000217e+01
2.209214499999999859e+01 2.458108899999999863e+01
1.960146900000000159e+01 2.424677900000000008e+01
1.658499399999999824e+01 2.601998599999999939e+01
2.369386199999999931e+01 2.367580699999999894e+01
1.570038800000000023e+01 2.496621499999999827e+01
2.200562700000000049e+01 2.633042299999999969e+01
2.242544799999999938e+01 2.377746000000000137e+01
1.729336800000000096e+01 2.366085700000000003e+01
2.070041499999999957e+01 2.372157800000000094e+01
1.751658499999999918e+01 3.079596199999999939e+01
1.676000200000000007e+01 2.301535000000000153e+01
1.567462199999999939e+01 2.917547599999999974e+01
1.880378699999999981e+01 4.674453599999999653e+01
1.778449000000000169e+01 3.178645600000000115e+01
1.786146000000000100e+01 2.908051400000000086e+01
1.902999799999999908e+01 2.186692899999999895e+01
2.012874300000000005e+01 2.798875200000000163e+01
1.828629400000000160e+01 2.629336100000000087e+01
1.920870400000000089e+01 2.454060199999999980e+01
1.873833700000000135e+01 3.841226900000000199e+01
1.317574100000000037e+01 2.960135800000000117e+01
1.441997199999999957e+01 3.004064999999999941e+01
1.869217400000000140e+01 2.981131999999999849e+01
1.869934699999999950e+01 2.216721599999999981e+01
2.101207499999999939e+01 3.628768199999999666e+01
1.502434500000000028e+01 3.273680000000000234e+01
2.208888299999999916e+01 2.196113000000000071e+01
1.640692299999999904e+01 1.834685999999999950e+01
1.737703799999999887e+01 2.490485999999999933e+01
1.531891500000000050e+01 3.544745499999999794e+01
1.390713599999999950e+01 3.298055999999999699e+01
1.692278800000000061e+01 3.096232799999999941e+01
1.605988999999999933e+01 2.653001199999999926e+01
2.497209099999999893e+01 3.501662300000000272e+01
1.837937099999999901e+01 2.504059799999999925e+01
1.615787800000000018e+01 3.213168799999999692e+01
1.881424600000000069e+01 2.861120400000000075e+01
1.892518400000000156e+01 2.551829400000000092e+01
1.499993800000000022e+01 5.603265100000000132e+01
1.234195199999999915e+01 4.019056799999999896e+01
1.844468900000000033e+01 3.838040800000000274e+01
1.738975900000000152e+01 3.753044700000000233e+01
1.605250099999999946e+01 3.809566300000000183e+01
1.487492199999999976e+01 2.310153100000000137e+01
2.184491900000000086e+01 3.425640800000000041e+01
1.862385599999999997e+01 2.747181099999999887e+01
1.939649100000000104e+01 2.726940199999999948e+01
1.597140500000000074e+01 3.203759099999999904e+01
2.348244199999999893e+01 2.120946999999999960e+01
1.809448300000000032e+01 3.817935200000000151e+01
1.818952900000000028e+01 4.427598900000000270e+01
1.567466600000000021e+01 3.179525100000000037e+01
1.767313400000000101e+01 2.015627900000000139e+01
1.519494399999999956e+01 5.306148300000000262e+01
1.633917699999999940e+01 2.841769299999999987e+01
1.517082300000000039e+01 2.777374000000000009e+01
1.474068499999999915e+01 2.770294300000000121e+01
1.568748100000000001e+01 2.698920800000000142e+01
1.711794799999999839e+01 4.843698899999999696e+01
1.630617300000000114e+01 4.084174999999999756e+01
1.888098199999999949e+01 3.872220800000000196e+01
1.703429500000000019e+01 2.330073900000000009e+01
2.122874600000000100e+01 2.508011600000000030e+01
2.179730299999999943e+01 1.984336499999999859e+01
2.256482799999999855e+01 2.802322600000000108e+01
1.589559599999999939e+01 3.668239299999999758e+01
1.257372699999999988e+01 3.243683800000000161e+01
1.416910799999999959e+01 3.822292999999999807e+01
1.428946400000000061e+01 3.433360600000000318e+01
1.965680199999999900e+01 2.074709000000000003e+01
2.628727999999999909e+01 2.798140000000000072e+01
1.719552300000000145e+01 2.898027300000000039e+01
1.177785599999999988e+01 3.323894800000000060e+01
2.047243500000000083e+01 1.831421500000000080e+01
1.866474499999999992e+01 3.015101299999999895e+01
1.659624200000000016e+01 2.736621399999999937e+01
1.822330099999999931e+01 2.057792999999999850e+01
1.528123500000000057e+01 5.040322700000000111e+01
1.875321800000000039e+01 2.164541499999999985e+01
2.055670599999999837e+01 1.897765800000000169e+01
1.777077299999999838e+01 3.079873399999999961e+01
1.578045799999999943e+01 2.696777799999999914e+01
1.662910499999999914e+01 2.220236799999999988e+01
2.171692099999999925e+01 2.225706699999999927e+01
1.750360999999999834e+01 2.594763499999999823e+01
1.412279799999999952e+01 4.592827700000000135e+01
1.869908399999999915e+01 5.141622399999999971e+01
1.813685299999999856e+01 2.872300800000000010e+01
1.554271899999999995e+01 3.330075399999999775e+01
1.940578500000000162e+01 2.264125599999999849e+01
1.611236600000000152e+01 2.303836599999999990e+01
1.919991399999999970e+01 2.962220800000000054e+01
1.835466399999999965e+01 4.246110900000000044e+01
2.032020199999999832e+01 2.505920599999999965e+01
1.800689200000000056e+01 4.732411900000000315e+01
1.997934199999999905e+01 4.972695399999999921e+01
2.204990300000000047e+01 3.359204199999999929e+01
1.907121700000000075e+01 2.716409600000000069e+01
1.330008899999999983e+01 2.521777200000000008e+01
1.991285299999999836e+01 3.391206900000000246e+01
1.628920400000000157e+01 2.946113400000000127e+01
1.598405999999999949e+01 2.523122700000000052e+01
1.581146299999999982e+01 3.876082699999999903e+01
1.973858900000000105e+01 2.130273700000000048e+01
1.627002399999999938e+01 3.406469200000000086e+01
1.550718200000000024e+01 2.524080299999999966e+01
1.766465499999999977e+01 2.015900200000000098e+01
2.164006300000000138e+01 1.979628699999999952e+01
1.666156900000000007e+01 2.031439100000000053e+01
1.684489800000000059e+01 2.028132400000000146e+01
1.822749800000000064e+01 3.933812000000000353e+01
1.407063600000000037e+01 3.706184400000000068e+01
1.893443500000000057e+01 2.296283800000000141e+01
2.226951000000000036e+01 2.138461300000000165e+01
1.201136100000000084e+01 2.756920300000000168e+01
1.906685200000000080e+01 3.285734399999999766e+01
1.742668300000000059e+01 2.587668299999999988e+01
1.533888499999999944e+01 4.161443799999999982e+01
1.612766200000000083e+01 3.911529300000000120e+01
1.431237299999999912e+01 3.284137400000000184e+01
1.624167800000000028e+01 4.689976099999999803e+01
1.768827800000000039e+01 2.961343700000000112e+01
1.722748699999999999e+01 2.501267899999999855e+01
1.373365500000000061e+01 3.317849700000000013e+01
1.426560800000000029e+01 2.861302200000000084e+01
1.493715199999999932e+01 4.238352100000000178e+01
1.730425299999999922e+01 3.930339800000000139e+01
1.651315999999999917e+01 2.677244200000000163e+01
2.159621200000000130e+01 2.371431000000000111e+01
1.705853000000000108e+01 2.608370199999999883e+01
1.734874800000000050e+01 5.298899200000000320e+01
1.717281099999999938e+01 3.070045700000000011e+01
1.639181500000000113e+01 4.792921599999999671e+01
1.754199300000000150e+01 2.365907999999999944e+01
1.704911299999999841e+01 4.087189099999999797e+01
1.893977599999999839e+01 1.692835699999999832e+01
2.111561700000000030e+01 3.632559599999999733e+01
1.921820200000000156e+01 2.037961200000000161e+01
1.794057000000000102e+01 5.701355399999999918e+01
1.821619099999999847e+01 3.543967200000000162e+01
1.957910199999999890e+01 2.624785699999999977e+01
1.937099900000000119e+01 1.794355600000000095e+01
1.425122700000000009e+01 4.903204999999999814e+01
1.507144100000000009e+01 4.016248499999999666e+01
1.640112500000000040e+01 2.950020200000000159e+01
1.806761699999999848e+01 2.534191799999999972e+01
1.747233900000000162e+01 2.632193300000000136e+01
1.823371099999999956e+01 3.903540600000000182e+01
2.411443399999999926e+01 1.840472400000000164e+01
2.584848399999999913e+01 1.812799199999999900e+01
1.980736800000000031e+01 3.902225800000000078e+01
1.924438200000000165e+01 4.645644899999999922e+01
1.425099299999999936e+01 3.550922800000000024e+01
1.423435899999999954e+01 4.646933099999999683e+01
2.541369399999999956e+01 1.830105800000000116e+01
1.707513900000000007e+01 3.258860299999999910e+01
1.500946199999999919e+01 4.236603999999999814e+01
2.271224499999999935e+01 1.797640600000000077e+01
2.456390599999999935e+01 1.766433699999999973e+01
2.085955399999999926e+01 1.849083900000000114e+01
1.570793899999999965e+01 5.548066500000000190e+01
1.709399499999999961e+01 2.720765400000000156e+01
2.106874099999999927e+01 1.806184599999999918e+01
1.897793899999999923e+01 2.670736700000000141e+01
1.347114799999999946e+01 5.931661799999999829e+01
2.123839600000000161e+01 1.758195200000000114e+01
1.556621600000000072e+01 3.030509400000000042e+01
2.316058299999999903e+01 1.810000600000000048e+01
2.174539400000000100e+01 1.726552699999999874e+01
1.904734699999999847e+01 3.480051699999999926e+01
1.600246999999999886e+01 1.743215899999999863e+01
1.546176999999999957e+01 3.446056600000000003e+01
1.605186700000000144e+01 2.923248200000000097e+01
1.652735799999999955e+01 4.834726400000000268e+01
1.697836399999999912e+01 3.760038600000000031e+01
1.946866899999999845e+01 2.113569800000000143e+01
1.682298700000000125e+01 4.965452700000000164e+01
1.591685599999999923e+01 4.478333500000000100e+01
1.782210099999999997e+01 4.825311299999999903e+01
2.435546000000000078e+01 2.103795900000000074e+01
1.507563700000000040e+01 4.268228200000000072e+01
1.708380299999999963e+01 4.241618700000000075e+01
1.901551699999999911e+01 2.785251699999999886e+01
1.627073000000000036e+01 2.470585900000000024e+01
1.858940499999999929e+01 4.175399699999999825e+01
1.865333199999999891e+01 4.713776699999999664e+01
1.712364900000000034e+01 3.343913100000000327e+01
1.868605600000000067e+01 3.816356999999999999e+01
1.794239400000000018e+01 4.546481299999999948e+01
1.840534200000000098e+01 2.835582499999999939e+01
1.469353699999999918e+01 5.811460900000000152e+01
2.032839299999999838e+01 5.240215400000000301e+01
1.913409899999999908e+01 1.920844599999999858e+01
1.835612799999999822e+01 1.932409799999999933e+01
1.710280200000000050e+01 4.548066699999999685e+01
2.048430499999999910e+01 4.348349199999999826e+01
2.188260700000000014e+01 2.164068400000000025e+01
1.401110500000000059e+01 3.590456900000000218e+01
1.674448500000000095e+01 5.230370200000000125e+01
1.422323899999999952e+01 4.298004999999999853e+01
1.579965699999999984e+01 2.696327399999999841e+01
1.965221800000000130e+01 5.256583299999999781e+01
1.793865399999999966e+01 2.068941399999999931e+01
1.474249599999999916e+01 5.064222900000000038e+01
1.916731199999999902e+01 4.427512899999999973e+01
2.185701800000000006e+01 2.275375199999999865e+01
1.813632799999999889e+01 4.699397299999999689e+01
2.093129599999999968e+01 5.000760799999999762e+01
2.093763300000000172e+01 4.442935800000000057e+01
1.609562000000000026e+01 3.673266499999999724e+01
1.623987999999999943e+01 5.567668400000000162e+01
2.313025299999999973e+01 2.444929199999999980e+01
1.525591900000000045e+01 3.509281899999999865e+01
1.814669200000000160e+01 2.646114899999999892e+01
1.992143199999999936e+01 5.076147399999999976e+01
1.999729500000000115e+01 2.149522699999999986e+01
1.907230200000000053e+01 4.163726499999999930e+01
1.936533000000000015e+01 4.190962999999999994e+01
1.741497800000000140e+01 4.852393599999999907e+01
1.625318199999999891e+01 3.551230300000000284e+01
1.795838900000000038e+01 4.183674800000000005e+01
1.766237399999999980e+01 3.385957700000000159e+01
1.529970900000000000e+01 3.431342899999999929e+01
1.967669000000000068e+01 1.812569299999999828e+01
1.207685000000000031e+01 3.262583699999999709e+01
1.416399200000000036e+01 2.683759200000000078e+01
1.598697699999999955e+01 3.649953500000000162e+01
1.875754399999999933e+01 2.167211500000000157e+01
2.203818400000000111e+01 1.744491700000000023e+01
1.743059299999999823e+01 3.892022000000000048e+01
2.139569399999999888e+01 2.245801300000000111e+01
1.858665999999999840e+01 3.866116499999999689e+01
1.836855100000000007e+01 4.311578099999999836e+01
2.325597499999999940e+01 1.742661999999999978e+01
2.178176900000000060e+01 1.793173300000000125e+01
2.276173299999999955e+01 4.407917400000000185e+01
1.545501999999999931e+01 2.636656199999999828e+01
1.616117200000000054e+01 5.062221600000000166e+01
1.889450000000000074e+01 3.600485400000000169e+01
1.833768799999999999e+01 3.269648699999999764e+01
1.464008199999999960e+01 3.052151900000000140e+01
1.365924900000000086e+01 2.988036500000000117e+01
2.177313600000000093e+01 3.121565500000000171e+01
1.381364499999999929e+01 4.134186400000000106e+01
1.801457600000000170e+01 4.006745800000000202e+01
2.080036499999999933e+01 1.996049100000000109e+01
2.212681399999999954e+01 2.030474500000000049e+01
1.590954499999999960e+01 4.677163800000000293e+01
1.660623599999999911e+01 3.835580300000000165e+01
2.075416999999999845e+01 2.049603899999999967e+01
2.154483000000000104e+01 2.028501100000000079e+01
1.610420699999999883e+01 4.233841499999999769e+01
1.317225600000000085e+01 3.764717900000000128e+01
1.635755100000000084e+01 3.588054699999999997e+01
1.998548800000000014e+01 2.340634199999999865e+01
1.644255000000000067e+01 5.377454500000000337e+01
1.848421199999999942e+01 3.406081999999999965e+01
1.989571300000000065e+01 4.403495300000000157e+01
1.654622900000000030e+01 3.563483699999999743e+01
2.317932599999999965e+01 3.993540600000000040e+01
2.242209199999999925e+01 3.484909600000000296e+01
1.791181999999999874e+01 3.686938899999999819e+01
1.705804699999999841e+01 2.622643599999999964e+01
1.814423400000000086e+01 4.221853500000000281e+01
1.850410899999999970e+01 4.037573700000000088e+01
1.522804000000000002e+01 3.194545000000000101e+01
