4.493467140000000200e+02 4.164358200000000210e+01
4.471861809999999764e+02 1.823787700000000100e+01
4.489852450000000204e+02 1.868074700000000021e+01
4.547049000000000092e+02 2.002545100000000033e+01
4.574011919999999805e+02 4.229022599999999699e+01
4.509151360000000182e+02 2.590124399999999838e+01
4.582411720000000059e+02 1.991243100000000155e+01
4.594819120000000225e+02 2.221867299999999901e+01
4.640430420000000140e+02 2.296901199999999932e+01
4.600792099999999891e+02 2.334300199999999847e+01
4.459363860000000273e+02 3.880207699999999704e+01
4.573760629999999878e+02 2.265185200000000165e+01
4.595704630000000179e+02 2.995340099999999950e+01
4.522706370000000220e+02 2.115256400000000170e+01
4.380835119999999847e+02 1.986040799999999962e+01
4.481930780000000141e+02 3.422677900000000051e+01
4.559251350000000116e+02 1.911880599999999930e+01
4.543258299999999963e+02 3.279253200000000135e+01
4.512088140000000180e+02 2.517614199999999869e+01
4.545469580000000178e+02 1.916833300000000051e+01
4.499460849999999823e+02 1.933948300000000131e+01
4.548710159999999973e+02 2.039855100000000121e+01
4.377004610000000184e+02 2.039963799999999949e+01
4.568269940000000133e+02 2.284523599999999988e+01
4.517707389999999918e+02 3.087956600000000051e+01
4.554808750000000259e+02 2.107069699999999912e+01
4.625485330000000204e+02 1.891695599999999899e+01
4.544212289999999825e+02 1.898496499999999898e+01
4.511466320000000110e+02 2.422998400000000174e+01
4.541568710000000237e+02 1.950656700000000043e+01
4.547568340000000262e+02 1.810868800000000078e+01
4.363653469999999857e+02 1.802052899999999980e+01
4.609873360000000275e+02 3.740557900000000302e+01
4.561029770000000099e+02 2.676143799999999828e+01
4.341484439999999836e+02 1.805531900000000078e+01
4.593437860000000228e+02 2.480696999999999974e+01
4.659757470000000126e+02 2.144268599999999836e+01
4.539562230000000227e+02 3.375489999999999924e+01
4.303819010000000276e+02 1.845072800000000157e+01
4.328131339999999909e+02 1.811879400000000118e+01
4.574028749999999945e+02 2.421730000000000160e+01
4.572248819999999796e+02 2.114003699999999952e+01
4.460774400000000242e+02 3.268066999999999922e+01
4.383225909999999885e+02 1.751447500000000090e+01
4.486294250000000261e+02 2.535571399999999898e+01
4.556992399999999748e+02 3.506216400000000277e+01
4.521454780000000255e+02 2.484583299999999895e+01
4.513764659999999935e+02 2.425413299999999950e+01
4.562354540000000043e+02 2.424493800000000121e+01
4.543042990000000145e+02 2.488142799999999966e+01
4.490379149999999981e+02 2.304025800000000146e+01
4.410423930000000041e+02 3.387502500000000083e+01
4.555854489999999828e+02 2.627491099999999946e+01
4.513987670000000207e+02 2.500014699999999834e+01
4.512396979999999758e+02 2.536112200000000172e+01
4.599256100000000060e+02 2.824880299999999878e+01
4.472687950000000114e+02 2.702244699999999966e+01
4.560188400000000115e+02 2.492589600000000161e+01
4.528585130000000163e+02 2.928386400000000123e+01
4.508256650000000150e+02 3.708163600000000315e+01
4.442125990000000115e+02 2.738901900000000111e+01
4.623191069999999741e+02 3.542770300000000105e+01
4.603901420000000257e+02 2.398250699999999824e+01
4.543775689999999940e+02 3.285710300000000217e+01
4.582343099999999936e+02 2.458108899999999863e+01
4.562187149999999747e+02 2.424677900000000008e+01
4.567664689999999723e+02 2.601998599999999939e+01
4.564001759999999877e+02 2.367580699999999894e+01
4.550287089999999921e+02 2.496621499999999827e+01
4.505308880000000045e+02 2.633042299999999969e+01
4.570350890000000277e+02 2.377746000000000137e+01
4.504440930000000094e+02 2.366085700000000003e+01
4.532219670000000065e+02 2.372157800000000094e+01
4.600633740000000103e+02 3.079596199999999939e+01
4.527155619999999772e+02 2.301535000000000153e+01
4.531795190000000275e+02 2.917547599999999974e+01
4.566214679999999930e+02 4.674453599999999653e+01
4.604791759999999954e+02 3.178645600000000115e+01
4.497698550000000068e+02 2.908051400000000086e+01
4.474317909999999756e+02 2.186692899999999895e+01
4.483866110000000162e+02 2.798875200000000163e+01
4.585807290000000194e+02 2.629336100000000087e+01
4.604108979999999747e+02 2.454060199999999980e+01
4.482648859999999900e+02 3.841226900000000199e+01
4.626786030000000096e+02 2.960135800000000117e+01
4.422996630000000096e+02 3.004064999999999941e+01
4.398051379999999995e+02 2.981131999999999849e+01
4.462364329999999768e+02 2.216721599999999981e+01
4.632638360000000262e+02 3.628768199999999666e+01
4.565767230000000154e+02 3.273680000000000234e+01
4.462091770000000110e+02 2.196113000000000071e+01
4.471005589999999756e+02 1.834685999999999950e+01
4.468738769999999931e+02 2.490485999999999933e+01
4.536723880000000122e+02 3.544745499999999794e+01
4.501958740000000034e+02 3.298055999999999699e+01
4.605013089999999920e+02 3.096232799999999941e+01
4.526475159999999960e+02 2.653001199999999926e+01
4.625859189999999899e+02 3.501662300000000272e+01
4.477879310000000146e+02 2.504059799999999925e+01
4.540700689999999895e+02 3.213168799999999692e+01
4.556420289999999795e+02 2.861120400000000075e+01
4.630671090000000163e+02 2.551829400000000092e+01
4.685720559999999750e+02 5.603265100000000132e+01
4.523074690000000260e+02 4.019056799999999896e+01
4.524914110000000278e+02 3.838040800000000274e+01
4.601481210000000033e+02 3.753044700000000233e+01
4.588448020000000156e+02 3.809566300000000183e+01
4.505684820000000173e+02 2.310153100000000137e+01
4.610532360000000267e+02 3.425640800000000041e+01
4.637113150000000132e+02 2.747181099999999887e+01
4.438145949999999971e+02 2.726940199999999948e+01
4.576055319999999824e+02 3.203759099999999904e+01
4.559410139999999956e+02 2.120946999999999960e+01
4.655367630000000077e+02 3.817935200000000151e+01
4.577247249999999781e+02 4.427598900000000270e+01
4.568315830000000233e+02 3.179525100000000037e+01
4.495753040000000169e+02 2.015627900000000139e+01
4.614801719999999818e+02 5.306148300000000262e+01
4.588345219999999927e+02 2.841769299999999987e+01
4.611058909999999855e+02 2.777374000000000009e+01
4.402628339999999980e+02 2.770294300000000121e+01
4.458573719999999980e+02 2.698920800000000142e+01
4.551868870000000129e+02 4.843698899999999696e+01
4.715343290000000138e+02 4.084174999999999756e+01
4.550548099999999749e+02 3.872220800000000196e+01
4.474096149999999739e+02 2.330073900000000009e+01
4.509904549999999972e+02 2.508011600000000030e+01
4.476142259999999737e+02 1.984336499999999859e+01
4.504552570000000173e+02 2.802322600000000108e+01
4.610148469999999747e+02 3.668239299999999758e+01
4.473208759999999984e+02 3.243683800000000161e+01
4.532751569999999788e+02 3.822292999999999807e+01
4.453517170000000078e+02 3.433360600000000318e+01
4.433978129999999851e+02 2.074709000000000003e+01
4.574758590000000140e+02 2.798140000000000072e+01
4.569174419999999941e+02 2.898027300000000039e+01
4.566816810000000260e+02 3.323894800000000060e+01
4.483177729999999883e+02 1.831421500000000080e+01
4.649661740000000236e+02 3.015101299999999895e+01
4.466273130000000151e+02 2.736621399999999937e+01
4.495363520000000221e+02 2.057792999999999850e+01
4.616725299999999947e+02 5.040322700000000111e+01
4.451158689999999751e+02 2.164541499999999985e+01
4.372846079999999915e+02 1.897765800000000169e+01
4.631804789999999912e+02 3.079873399999999961e+01
4.529894380000000069e+02 2.696777799999999914e+01
4.560303069999999934e+02 2.220236799999999988e+01
4.510300139999999942e+02 2.225706699999999927e+01
4.535942929999999933e+02 2.594763499999999823e+01
4.517747880000000009e+02 4.592827700000000135e+01
4.655950789999999984e+02 5.141622399999999971e+01
4.471880179999999996e+02 2.872300800000000010e+01
4.488049100000000067e+02 3.330075399999999775e+01
4.511243739999999889e+02 2.264125599999999849e+01
4.483655989999999747e+02 2.303836599999999990e+01
4.651774940000000242e+02 2.962220800000000054e+01
4.653860569999999939e+02 4.246110900000000044e+01
4.436645129999999995e+02 2.505920599999999965e+01
4.624865790000000061e+02 4.732411900000000315e+01
4.591595649999999864e+02 4.972695399999999921e+01
4.676741769999999860e+02 3.359204199999999929e+01
4.570978630000000180e+02 2.716409600000000069e+01
4.453848370000000045e+02 2.521777200000000008e+01
4.501278229999999780e+02 3.391206900000000246e+01
4.461600389999999834e+02 2.946113400000000127e+01
4.435140880000000152e+02 2.523122700000000052e+01
4.685310959999999909e+02 3.876082699999999903e+01
4.524269400000000019e+02 2.130273700000000048e+01
4.520776349999999866e+02 3.406469200000000086e+01
4.464101340000000278e+02 2.524080299999999966e+01
4.556381079999999884e+02 2.015900200000000098e+01
4.641341649999999959e+02 1.979628699999999952e+01
4.580167119999999841e+02 2.031439100000000053e+01
4.577322889999999802e+02 2.028132400000000146e+01
4.603977649999999926e+02 3.933812000000000353e+01
4.592584790000000226e+02 3.706184400000000068e+01
4.530854340000000207e+02 2.296283800000000141e+01
4.539967710000000238e+02 2.138461300000000165e+01
4.403393879999999854e+02 2.756920300000000168e+01
4.459660989999999856e+02 3.285734399999999766e+01
4.537724680000000035e+02 2.587668299999999988e+01
4.482050689999999804e+02 4.161443799999999982e+01
4.594752320000000054e+02 3.911529300000000120e+01
4.501457550000000083e+02 3.284137400000000184e+01
4.619241119999999796e+02 4.689976099999999803e+01
4.487153860000000236e+02 2.961343700000000112e+01
4.441859779999999773e+02 2.501267899999999855e+01
4.451883730000000128e+02 3.317849700000000013e+01
4.479555750000000103e+02 2.861302200000000084e+01
4.414910360000000082e+02 4.238352100000000178e+01
4.548872890000000098e+02 3.930339800000000139e+01
4.538281420000000139e+02 2.677244200000000163e+01
4.497475620000000163e+02 2.371431000000000111e+01
4.455250669999999786e+02 2.608370199999999883e+01
4.699942730000000211e+02 5.298899200000000320e+01
4.431202000000000112e+02 3.070045700000000011e+01
4.623242619999999761e+02 4.792921599999999671e+01
4.386400330000000167e+02 2.365907999999999944e+01
4.606042679999999905e+02 4.087189099999999797e+01
4.403243410000000040e+02 1.692835699999999832e+01
4.694055500000000052e+02 3.632559599999999733e+01
4.446847399999999766e+02 2.037961200000000161e+01
4.622856219999999894e+02 5.701355399999999918e+01
4.634828850000000102e+02 3.543967200000000162e+01
4.565263620000000060e+02 2.624785699999999977e+01
4.404314160000000129e+02 1.794355600000000095e+01
4.646707139999999754e+02 4.903204999999999814e+01
4.614495299999999816e+02 4.016248499999999666e+01
4.571362780000000043e+02 2.950020200000000159e+01
4.573987159999999790e+02 2.534191799999999972e+01
4.635962450000000104e+02 2.632193300000000136e+01
4.700449530000000209e+02 3.903540600000000182e+01
4.400537499999999795e+02 1.840472400000000164e+01
4.395160779999999932e+02 1.812799199999999900e+01
4.603264889999999809e+02 3.902225800000000078e+01
4.691187760000000253e+02 4.645644899999999922e+01
4.631834850000000188e+02 3.550922800000000024e+01
4.663295340000000238e+02 4.646933099999999683e+01
4.418131639999999720e+02 1.830105800000000116e+01
4.687438300000000027e+02 3.258860299999999910e+01
4.585118150000000128e+02 4.236603999999999814e+01
4.486575260000000185e+02 1.797640600000000077e+01
4.424627760000000194e+02 1.766433699999999973e+01
4.412678539999999998e+02 1.849083900000000114e+01
4.709581739999999854e+02 5.548066500000000190e+01
4.548534010000000194e+02 2.720765400000000156e+01
4.449315579999999954e+02 1.806184599999999918e+01
4.676943509999999833e+02 2.670736700000000141e+01
4.670826190000000224e+02 5.931661799999999829e+01
4.447353390000000104e+02 1.758195200000000114e+01
4.643755850000000009e+02 3.030509400000000042e+01
4.526007619999999747e+02 1.810000600000000048e+01
4.475057130000000143e+02 1.726552699999999874e+01
4.619775579999999877e+02 3.480051699999999926e+01
4.448639069999999833e+02 1.743215899999999863e+01
4.642688259999999900e+02 3.446056600000000003e+01
4.719449920000000134e+02 2.923248200000000097e+01
4.621309669999999983e+02 4.834726400000000268e+01
4.684772320000000150e+02 3.760038600000000031e+01
4.482178949999999986e+02 2.113569800000000143e+01
4.593976089999999886e+02 4.965452700000000164e+01
4.568990440000000035e+02 4.478333500000000100e+01
4.655345510000000218e+02 4.825311299999999903e+01
4.460589249999999879e+02 2.103795900000000074e+01
4.695578840000000014e+02 4.268228200000000072e+01
4.657346719999999891e+02 4.241618700000000075e+01
4.631088330000000042e+02 2.785251699999999886e+01
4.601964209999999866e+02 2.470585900000000024e+01
4.630629969999999958e+02 4.175399699999999825e+01
4.554977420000000166e+02 4.713776699999999664e+01
4.654162269999999921e+02 3.343913100000000327e+01
4.601244209999999839e+02 3.816356999999999999e+01
4.652273139999999785e+02 4.546481299999999948e+01
4.636409830000000056e+02 2.835582499999999939e+01
4.612122919999999908e+02 5.811460900000000152e+01
4.710242569999999773e+02 5.240215400000000301e+01
4.623707529999999792e+02 1.920844599999999858e+01
4.440218639999999937e+02 1.932409799999999933e+01
4.701633340000000203e+02 4.548066699999999685e+01
4.577184899999999743e+02 4.348349199999999826e+01
4.567137549999999919e+02 2.164068400000000025e+01
4.589362409999999954e+02 3.590456900000000218e+01
4.622862269999999967e+02 5.230370200000000125e+01
4.600332690000000184e+02 4.298004999999999853e+01
4.493147060000000010e+02 2.696327399999999841e+01
4.597689050000000179e+02 5.256583299999999781e+01
4.539279760000000010e+02 2.068941399999999931e+01
4.640128720000000158e+02 5.064222900000000038e+01
4.678271359999999959e+02 4.427512899999999973e+01
4.528666069999999877e+02 2.275375199999999865e+01
4.640022159999999758e+02 4.699397299999999689e+01
4.651676669999999945e+02 5.000760799999999762e+01
4.702275260000000117e+02 4.442935800000000057e+01
4.633563090000000102e+02 3.673266499999999724e+01
4.637893760000000043e+02 5.567668400000000162e+01
4.627750669999999786e+02 2.444929199999999980e+01
4.613587580000000230e+02 3.509281899999999865e+01
4.670013959999999997e+02 2.646114899999999892e+01
4.648152559999999767e+02 5.076147399999999976e+01
4.599122879999999896e+02 2.149522699999999986e+01
4.643538290000000188e+02 4.163726499999999930e+01
4.628369069999999965e+02 4.190962999999999994e+01
4.663707699999999932e+02 4.852393599999999907e+01
4.610141029999999773e+02 3.551230300000000284e+01
4.593799480000000131e+02 4.183674800000000005e+01
4.685525509999999940e+02 3.385957700000000159e+01
4.687880930000000035e+02 3.431342899999999929e+01
4.537609729999999786e+02 1.812569299999999828e+01
4.450943980000000124e+02 3.262583699999999709e+01
4.631603440000000091e+02 2.683759200000000078e+01
4.638620329999999967e+02 3.649953500000000162e+01
4.601606330000000185e+02 2.167211500000000157e+01
4.511033830000000080e+02 1.744491700000000023e+01
4.694782180000000267e+02 3.892022000000000048e+01
4.673433009999999967e+02 2.245801300000000111e+01
4.592122340000000236e+02 3.866116499999999689e+01
4.696765070000000151e+02 4.311578099999999836e+01
4.550119490000000155e+02 1.742661999999999978e+01
4.612951469999999858e+02 1.793173300000000125e+01
4.553248130000000060e+02 4.407917400000000185e+01
4.557659800000000132e+02 2.636656199999999828e+01
4.596740819999999985e+02 5.062221600000000166e+01
4.615854590000000144e+02 3.600485400000000169e+01
4.625754350000000272e+02 3.269648699999999764e+01
4.510500710000000026e+02 3.052151900000000140e+01
4.599740550000000212e+02 2.988036500000000117e+01
4.647921690000000012e+02 3.121565500000000171e+01
4.542111689999999840e+02 4.134186400000000106e+01
4.636847629999999754e+02 4.006745800000000202e+01
4.626971770000000106e+02 1.996049100000000109e+01
4.656759589999999776e+02 2.030474500000000049e+01
4.621512549999999919e+02 4.677163800000000293e+01
4.605931729999999789e+02 3.835580300000000165e+01
4.646391610000000014e+02 2.049603899999999967e+01
4.661420180000000073e+02 2.028501100000000079e+01
4.537460169999999948e+02 4.233841499999999769e+01
4.778790989999999965e+02 3.764717900000000128e+01
4.528980869999999754e+02 3.588054699999999997e+01
4.462851279999999861e+02 2.340634199999999865e+01
4.693478160000000230e+02 5.377454500000000337e+01
4.570021810000000073e+02 3.406081999999999965e+01
4.584208009999999831e+02 4.403495300000000157e+01
4.709066839999999843e+02 3.563483699999999743e+01
4.600777560000000221e+02 3.993540600000000040e+01
4.641516030000000228e+02 3.484909600000000296e+01
4.614761619999999880e+02 3.686938899999999819e+01
4.621606540000000223e+02 2.622643599999999964e+01
4.610367140000000177e+02 4.221853500000000281e+01
4.521921479999999747e+02 4.037573700000000088e+01
4.505959649999999783e+02 3.194545000000000101e+01
