1.049900000000000000e+04 4.164358200000000210e+01
1.099900000000000000e+04 1.823787700000000100e+01
1.149900000000000000e+04 1.868074700000000021e+01
1.199900000000000000e+04 2.002545100000000033e+01
1.249900000000000000e+04 4.229022599999999699e+01
1.299900000000000000e+04 2.590124399999999838e+01
1.349900000000000000e+04 1.991243100000000155e+01
1.399900000000000000e+04 2.221867299999999901e+01
1.449900000000000000e+04 2.296901199999999932e+01
1.499900000000000000e+04 2.334300199999999847e+01
1.549900000000000000e+04 3.880207699999999704e+01
1.599900000000000000e+04 2.265185200000000165e+01
1.649900000000000000e+04 2.995340099999999950e+01
1.699900000000000000e+04 2.115256400000000170e+01
1.749900000000000000e+04 1.986040799999999962e+01
1.799900000000000000e+04 3.422677900000000051e+01
1.849900000000000000e+04 1.911880599999999930e+01
1.899900000000000000e+04 3.279253200000000135e+01
1.949900000000000000e+04 2.517614199999999869e+01
1.999900000000000000e+04 1.916833300000000051e+01
2.049900000000000000e+04 1.933948300000000131e+01
2.099900000000000000e+04 2.039855100000000121e+01
2.149900000000000000e+04 2.039963799999999949e+01
2.199900000000000000e+04 2.284523599999999988e+01
2.249900000000000000e+04 3.087956600000000051e+01
2.299900000000000000e+04 2.107069699999999912e+01
2.349900000000000000e+04 1.891695599999999899e+01
2.399900000000000000e+04 1.898496499999999898e+01
2.449900000000000000e+04 2.422998400000000174e+01
2.499900000000000000e+04 1.950656700000000043e+01
2.549900000000000000e+04 1.810868800000000078e+01
2.599900000000000000e+04 1.802052899999999980e+01
2.649900000000000000e+04 3.740557900000000302e+01
2.699900000000000000e+04 2.676143799999999828e+01
2.749900000000000000e+04 1.805531900000000078e+01
2.799900000000000000e+04 2.480696999999999974e+01
2.849900000000000000e+04 2.144268599999999836e+01
2.899900000000000000e+04 3.375489999999999924e+01
2.949900000000000000e+04 1.845072800000000157e+01
2.999900000000000000e+04 1.811879400000000118e+01
3.049900000000000000e+04 2.421730000000000160e+01
3.099900000000000000e+04 2.114003699999999952e+01
3.149900000000000000e+04 3.268066999999999922e+01
3.199900000000000000e+04 1.751447500000000090e+01
3.249900000000000000e+04 2.535571399999999898e+01
3.299900000000000000e+04 3.506216400000000277e+01
3.349900000000000000e+04 2.484583299999999895e+01
3.399900000000000000e+04 2.425413299999999950e+01
3.449900000000000000e+04 2.424493800000000121e+01
3.499900000000000000e+04 2.488142799999999966e+01
3.549900000000000000e+04 2.304025800000000146e+01
3.599900000000000000e+04 3.387502500000000083e+01
3.649900000000000000e+04 2.627491099999999946e+01
3.699900000000000000e+04 2.500014699999999834e+01
3.749900000000000000e+04 2.536112200000000172e+01
3.799900000000000000e+04 2.824880299999999878e+01
3.849900000000000000e+04 2.702244699999999966e+01
3.899900000000000000e+04 2.492589600000000161e+01
3.949900000000000000e+04 2.928386400000000123e+01
3.999900000000000000e+04 3.708163600000000315e+01
4.049900000000000000e+04 2.738901900000000111e+01
4.099900000000000000e+04 3.542770300000000105e+01
4.149900000000000000e+04 2.398250699999999824e+01
4.199900000000000000e+04 3.285710300000000217e+01
4.249900000000000000e+04 2.458108899999999863e+01
4.299900000000000000e+04 2.424677900000000008e+01
4.349900000000000000e+04 2.601998599999999939e+01
4.399900000000000000e+04 2.367580699999999894e+01
4.449900000000000000e+04 2.496621499999999827e+01
4.499900000000000000e+04 2.633042299999999969e+01
4.549900000000000000e+04 2.377746000000000137e+01
4.599900000000000000e+04 2.366085700000000003e+01
4.649900000000000000e+04 2.372157800000000094e+01
4.699900000000000000e+04 3.079596199999999939e+01
4.749900000000000000e+04 2.301535000000000153e+01
4.799900000000000000e+04 2.917547599999999974e+01
4.849900000000000000e+04 4.674453599999999653e+01
4.899900000000000000e+04 3.178645600000000115e+01
4.949900000000000000e+04 2.908051400000000086e+01
4.999900000000000000e+04 2.186692899999999895e+01
5.049900000000000000e+04 2.798875200000000163e+01
5.099900000000000000e+04 2.629336100000000087e+01
5.149900000000000000e+04 2.454060199999999980e+01
5.199900000000000000e+04 3.841226900000000199e+01
5.249900000000000000e+04 2.960135800000000117e+01
5.299900000000000000e+04 3.004064999999999941e+01
5.349900000000000000e+04 2.981131999999999849e+01
5.399900000000000000e+04 2.216721599999999981e+01
5.449900000000000000e+04 3.628768199999999666e+01
5.499900000000000000e+04 3.273680000000000234e+01
5.549900000000000000e+04 2.196113000000000071e+01
5.599900000000000000e+04 1.834685999999999950e+01
5.649900000000000000e+04 2.490485999999999933e+01
5.699900000000000000e+04 3.544745499999999794e+01
5.749900000000000000e+04 3.298055999999999699e+01
5.799900000000000000e+04 3.096232799999999941e+01
5.849900000000000000e+04 2.653001199999999926e+01
5.899900000000000000e+04 3.501662300000000272e+01
5.949900000000000000e+04 2.504059799999999925e+01
5.999900000000000000e+04 3.213168799999999692e+01
6.049900000000000000e+04 2.861120400000000075e+01
6.099900000000000000e+04 2.551829400000000092e+01
6.149900000000000000e+04 5.603265100000000132e+01
6.199900000000000000e+04 4.019056799999999896e+01
6.249900000000000000e+04 3.838040800000000274e+01
6.299900000000000000e+04 3.753044700000000233e+01
6.349900000000000000e+04 3.809566300000000183e+01
6.399900000000000000e+04 2.310153100000000137e+01
6.449900000000000000e+04 3.425640800000000041e+01
6.499900000000000000e+04 2.747181099999999887e+01
6.549900000000000000e+04 2.726940199999999948e+01
6.599900000000000000e+04 3.203759099999999904e+01
6.649900000000000000e+04 2.120946999999999960e+01
6.699900000000000000e+04 3.817935200000000151e+01
6.749900000000000000e+04 4.427598900000000270e+01
6.799900000000000000e+04 3.179525100000000037e+01
6.849900000000000000e+04 2.015627900000000139e+01
6.899900000000000000e+04 5.306148300000000262e+01
6.949900000000000000e+04 2.841769299999999987e+01
6.999900000000000000e+04 2.777374000000000009e+01
7.049900000000000000e+04 2.770294300000000121e+01
7.099900000000000000e+04 2.698920800000000142e+01
7.149900000000000000e+04 4.843698899999999696e+01
7.199900000000000000e+04 4.084174999999999756e+01
7.249900000000000000e+04 3.872220800000000196e+01
7.299900000000000000e+04 2.330073900000000009e+01
7.349900000000000000e+04 2.508011600000000030e+01
7.399900000000000000e+04 1.984336499999999859e+01
7.449900000000000000e+04 2.802322600000000108e+01
7.499900000000000000e+04 3.668239299999999758e+01
7.549900000000000000e+04 3.243683800000000161e+01
7.599900000000000000e+04 3.822292999999999807e+01
7.649900000000000000e+04 3.433360600000000318e+01
7.699900000000000000e+04 2.074709000000000003e+01
7.749900000000000000e+04 2.798140000000000072e+01
7.799900000000000000e+04 2.898027300000000039e+01
7.849900000000000000e+04 3.323894800000000060e+01
7.899900000000000000e+04 1.831421500000000080e+01
7.949900000000000000e+04 3.015101299999999895e+01
7.999900000000000000e+04 2.736621399999999937e+01
8.049900000000000000e+04 2.057792999999999850e+01
8.099900000000000000e+04 5.040322700000000111e+01
8.149900000000000000e+04 2.164541499999999985e+01
8.199900000000000000e+04 1.897765800000000169e+01
8.249900000000000000e+04 3.079873399999999961e+01
8.299900000000000000e+04 2.696777799999999914e+01
8.349900000000000000e+04 2.220236799999999988e+01
8.399900000000000000e+04 2.225706699999999927e+01
8.449900000000000000e+04 2.594763499999999823e+01
8.499900000000000000e+04 4.592827700000000135e+01
8.549900000000000000e+04 5.141622399999999971e+01
8.599900000000000000e+04 2.872300800000000010e+01
8.649900000000000000e+04 3.330075399999999775e+01
8.699900000000000000e+04 2.264125599999999849e+01
8.749900000000000000e+04 2.303836599999999990e+01
8.799900000000000000e+04 2.962220800000000054e+01
8.849900000000000000e+04 4.246110900000000044e+01
8.899900000000000000e+04 2.505920599999999965e+01
8.949900000000000000e+04 4.732411900000000315e+01
8.999900000000000000e+04 4.972695399999999921e+01
9.049900000000000000e+04 3.359204199999999929e+01
9.099900000000000000e+04 2.716409600000000069e+01
9.149900000000000000e+04 2.521777200000000008e+01
9.199900000000000000e+04 3.391206900000000246e+01
9.249900000000000000e+04 2.946113400000000127e+01
9.299900000000000000e+04 2.523122700000000052e+01
9.349900000000000000e+04 3.876082699999999903e+01
9.399900000000000000e+04 2.130273700000000048e+01
9.449900000000000000e+04 3.406469200000000086e+01
9.499900000000000000e+04 2.524080299999999966e+01
9.549900000000000000e+04 2.015900200000000098e+01
9.599900000000000000e+04 1.979628699999999952e+01
9.649900000000000000e+04 2.031439100000000053e+01
9.699900000000000000e+04 2.028132400000000146e+01
9.749900000000000000e+04 3.933812000000000353e+01
9.799900000000000000e+04 3.706184400000000068e+01
9.849900000000000000e+04 2.296283800000000141e+01
9.899900000000000000e+04 2.138461300000000165e+01
9.949900000000000000e+04 2.756920300000000168e+01
9.999900000000000000e+04 3.285734399999999766e+01
1.004990000000000000e+05 2.587668299999999988e+01
1.009990000000000000e+05 4.161443799999999982e+01
1.014990000000000000e+05 3.911529300000000120e+01
1.019990000000000000e+05 3.284137400000000184e+01
1.024990000000000000e+05 4.689976099999999803e+01
1.029990000000000000e+05 2.961343700000000112e+01
1.034990000000000000e+05 2.501267899999999855e+01
1.039990000000000000e+05 3.317849700000000013e+01
1.044990000000000000e+05 2.861302200000000084e+01
1.049990000000000000e+05 4.238352100000000178e+01
1.054990000000000000e+05 3.930339800000000139e+01
1.059990000000000000e+05 2.677244200000000163e+01
1.064990000000000000e+05 2.371431000000000111e+01
1.069990000000000000e+05 2.608370199999999883e+01
1.074990000000000000e+05 5.298899200000000320e+01
1.079990000000000000e+05 3.070045700000000011e+01
1.084990000000000000e+05 4.792921599999999671e+01
1.089990000000000000e+05 2.365907999999999944e+01
1.094990000000000000e+05 4.087189099999999797e+01
1.099990000000000000e+05 1.692835699999999832e+01
1.104990000000000000e+05 3.632559599999999733e+01
1.109990000000000000e+05 2.037961200000000161e+01
1.114990000000000000e+05 5.701355399999999918e+01
1.119990000000000000e+05 3.543967200000000162e+01
1.124990000000000000e+05 2.624785699999999977e+01
1.129990000000000000e+05 1.794355600000000095e+01
1.134990000000000000e+05 4.903204999999999814e+01
1.139990000000000000e+05 4.016248499999999666e+01
1.144990000000000000e+05 2.950020200000000159e+01
1.149990000000000000e+05 2.534191799999999972e+01
1.154990000000000000e+05 2.632193300000000136e+01
1.159990000000000000e+05 3.903540600000000182e+01
1.164990000000000000e+05 1.840472400000000164e+01
1.169990000000000000e+05 1.812799199999999900e+01
1.174990000000000000e+05 3.902225800000000078e+01
1.179990000000000000e+05 4.645644899999999922e+01
1.184990000000000000e+05 3.550922800000000024e+01
1.189990000000000000e+05 4.646933099999999683e+01
1.194990000000000000e+05 1.830105800000000116e+01
1.199990000000000000e+05 3.258860299999999910e+01
1.204990000000000000e+05 4.236603999999999814e+01
1.209990000000000000e+05 1.797640600000000077e+01
1.214990000000000000e+05 1.766433699999999973e+01
1.219990000000000000e+05 1.849083900000000114e+01
1.224990000000000000e+05 5.548066500000000190e+01
1.229990000000000000e+05 2.720765400000000156e+01
1.234990000000000000e+05 1.806184599999999918e+01
1.239990000000000000e+05 2.670736700000000141e+01
1.244990000000000000e+05 5.931661799999999829e+01
1.249990000000000000e+05 1.758195200000000114e+01
1.254990000000000000e+05 3.030509400000000042e+01
1.259990000000000000e+05 1.810000600000000048e+01
1.264990000000000000e+05 1.726552699999999874e+01
1.269990000000000000e+05 3.480051699999999926e+01
1.274990000000000000e+05 1.743215899999999863e+01
1.279990000000000000e+05 3.446056600000000003e+01
1.284990000000000000e+05 2.923248200000000097e+01
1.289990000000000000e+05 4.834726400000000268e+01
1.294990000000000000e+05 3.760038600000000031e+01
1.299990000000000000e+05 2.113569800000000143e+01
1.304990000000000000e+05 4.965452700000000164e+01
1.309990000000000000e+05 4.478333500000000100e+01
1.314990000000000000e+05 4.825311299999999903e+01
1.319990000000000000e+05 2.103795900000000074e+01
1.324990000000000000e+05 4.268228200000000072e+01
1.329990000000000000e+05 4.241618700000000075e+01
1.334990000000000000e+05 2.785251699999999886e+01
1.339990000000000000e+05 2.470585900000000024e+01
1.344990000000000000e+05 4.175399699999999825e+01
1.349990000000000000e+05 4.713776699999999664e+01
1.354990000000000000e+05 3.343913100000000327e+01
1.359990000000000000e+05 3.816356999999999999e+01
1.364990000000000000e+05 4.546481299999999948e+01
1.369990000000000000e+05 2.835582499999999939e+01
1.374990000000000000e+05 5.811460900000000152e+01
1.379990000000000000e+05 5.240215400000000301e+01
1.384990000000000000e+05 1.920844599999999858e+01
1.389990000000000000e+05 1.932409799999999933e+01
1.394990000000000000e+05 4.548066699999999685e+01
1.399990000000000000e+05 4.348349199999999826e+01
1.404990000000000000e+05 2.164068400000000025e+01
1.409990000000000000e+05 3.590456900000000218e+01
1.414990000000000000e+05 5.230370200000000125e+01
1.419990000000000000e+05 4.298004999999999853e+01
1.424990000000000000e+05 2.696327399999999841e+01
1.429990000000000000e+05 5.256583299999999781e+01
1.434990000000000000e+05 2.068941399999999931e+01
1.439990000000000000e+05 5.064222900000000038e+01
1.444990000000000000e+05 4.427512899999999973e+01
1.449990000000000000e+05 2.275375199999999865e+01
1.454990000000000000e+05 4.699397299999999689e+01
1.459990000000000000e+05 5.000760799999999762e+01
1.464990000000000000e+05 4.442935800000000057e+01
1.469990000000000000e+05 3.673266499999999724e+01
1.474990000000000000e+05 5.567668400000000162e+01
1.479990000000000000e+05 2.444929199999999980e+01
1.484990000000000000e+05 3.509281899999999865e+01
1.489990000000000000e+05 2.646114899999999892e+01
1.494990000000000000e+05 5.076147399999999976e+01
1.499990000000000000e+05 2.149522699999999986e+01
1.504990000000000000e+05 4.163726499999999930e+01
1.509990000000000000e+05 4.190962999999999994e+01
1.514990000000000000e+05 4.852393599999999907e+01
1.519990000000000000e+05 3.551230300000000284e+01
1.524990000000000000e+05 4.183674800000000005e+01
1.529990000000000000e+05 3.385957700000000159e+01
1.534990000000000000e+05 3.431342899999999929e+01
1.539990000000000000e+05 1.812569299999999828e+01
1.544990000000000000e+05 3.262583699999999709e+01
1.549990000000000000e+05 2.683759200000000078e+01
1.554990000000000000e+05 3.649953500000000162e+01
1.559990000000000000e+05 2.167211500000000157e+01
1.564990000000000000e+05 1.744491700000000023e+01
1.569990000000000000e+05 3.892022000000000048e+01
1.574990000000000000e+05 2.245801300000000111e+01
1.579990000000000000e+05 3.866116499999999689e+01
1.584990000000000000e+05 4.311578099999999836e+01
1.589990000000000000e+05 1.742661999999999978e+01
1.594990000000000000e+05 1.793173300000000125e+01
1.599990000000000000e+05 4.407917400000000185e+01
1.604990000000000000e+05 2.636656199999999828e+01
1.609990000000000000e+05 5.062221600000000166e+01
1.614990000000000000e+05 3.600485400000000169e+01
1.619990000000000000e+05 3.269648699999999764e+01
1.624990000000000000e+05 3.052151900000000140e+01
1.629990000000000000e+05 2.988036500000000117e+01
1.634990000000000000e+05 3.121565500000000171e+01
1.639990000000000000e+05 4.134186400000000106e+01
1.644990000000000000e+05 4.006745800000000202e+01
1.649990000000000000e+05 1.996049100000000109e+01
1.654990000000000000e+05 2.030474500000000049e+01
1.659990000000000000e+05 4.677163800000000293e+01
1.664990000000000000e+05 3.835580300000000165e+01
1.669990000000000000e+05 2.049603899999999967e+01
1.674990000000000000e+05 2.028501100000000079e+01
1.679990000000000000e+05 4.233841499999999769e+01
1.684990000000000000e+05 3.764717900000000128e+01
1.689990000000000000e+05 3.588054699999999997e+01
1.694990000000000000e+05 2.340634199999999865e+01
1.699990000000000000e+05 5.377454500000000337e+01
1.704990000000000000e+05 3.406081999999999965e+01
1.709990000000000000e+05 4.403495300000000157e+01
1.714990000000000000e+05 3.563483699999999743e+01
1.719990000000000000e+05 3.993540600000000040e+01
1.724990000000000000e+05 3.484909600000000296e+01
1.729990000000000000e+05 3.686938899999999819e+01
1.734990000000000000e+05 2.622643599999999964e+01
1.739990000000000000e+05 4.221853500000000281e+01
1.744990000000000000e+05 4.037573700000000088e+01
1.749990000000000000e+05 3.194545000000000101e+01
